4
21
35
54
74
89
106
125
149
168
180
195
202
221
245
264
286
305
326
348
360
374
389
396
417
438
452
471
478
497
504
521
540
559
573
595
614
620
631
650
664
674
684
706
717
732
751
763
785
795
814
821
845
859
873
887
894
910
929
943
965
977
992
1002
1017
1039
1058
1078
1092
1109
1121
1137
1149
1159
1169
1185
1209
1216
1235
1254
1278
1292
1302
1324
1343
1373
1379
1395
1416
1428
1439
1458
1470
1480
1496
1520
1544
1554
1564
1574
1593
1607
1624
1640
1660
1677
1694
1701
1716
1730
1737
1753
1763
1770
1790
1804
1818
1829
1848
1872
1889
1908
1925
1942
1964
1988
2012
2024
2039
2049
2059
2075
2089
2108
2118
2140
2151
2175
2199
2220
2234
2251
2273
2279
2293
2317
2327
2349
2373
2389
2408
2422
2436
2456
2480
2494
2501
2515
2539
2551
2561
2582
