1856
2586
1564
2548
2549
2588
1543
2554
2562
2555
1856
1558
1643
31
1590
1566
870
22
83
80
1856
1674
2593
1710
1554
2589
1
691
693
1608
1856
1638
1680
1574
1559
2551
2590
2560
2552
1551
1856
1575
35
33
193
82
38
1579
1578
119
1856
2587
675
1567
692
1535
1552
1584
1642
1547
1856
2556
1560
2591
1689
1561
2563
2569
1637
2553
1856
2
1588
1576
1568
40
41
1572
42
1577
1856
1536
1545
694
1565
1616
1619
1610
1539
695
1856
2557
2564
1591
2559
2566
2550
1634
2558
2561
1856
934
36
7
5
1022
1585
841
25
43
1856
1571
1690
1569
1540
1625
34
1537
1550
1587
1856
2592
2546
2565
663
676
1573
696
1570
1635
1856
1615
32
37
44
24
685
84
564
26
1856
1997
11
1626
6
1617
1562
1548
1556
1586
1856
1681
3
4
1978
1541
1636
1622
1555
113
1856
1600
787
27
1589
197
195
895
359
187
1856
1546
1538
1581
1623
697
1700
1627
56
1549
1856
630
430
620
52
698
2570
1563
544
418
1856
2001
873
1287
687
893
81
377
848
565
1856
74
1582
1624
85
1618
479
1544
1542
238
1856
712
1904
706
614
616
476
447
114
1701
1856
1381
39
550
248
8
191
196
95
172
1856
1708
1583
124
1553
557
1611
852
1609
1254
1856
1244
1142
1859
1077
746
666
127
537
667
1856
2427
1027
604
679
17
363
547
102
315
1856
1672
115
1520
2138
1835
2310
1527
1922
1640
1856
1241
1698
1270
1758
2413
125
1850
1526
1414
1856
703
1274
901
899
686
460
898
183
317
1856
2069
1720
1081
1396
1644
1924
296
1894
1280
1856
1510
1225
1872
1503
242
1423
2085
812
1417
1856
608
1032
737
49
1033
428
174
135
104
1856
2108
2162
1379
2478
1322
803
1277
239
1166
1856
1187
1387
2316
2319
2013
2364
232
243
265
1856
853
872
2257
2294
126
806
529
649
552
1856
1834
1501
2093
2390
1143
437
2261
919
414
1856
1041
445
902
856
1484
2131
329
284
556
1856
444
2102
2155
184
458
610
212
348
548
1856
2117
916
871
839
2388
2462
1037
1275
2157
1856
2252
874
2058
2320
526
333
606
561
2276
1856
500
2234
472
462
189
563
176
527
779
1856
596
831
1485
2160
928
364
409
832
829
1856
1865
256
2317
786
850
301
538
623
397
1856
421
122
383
1257
360
2178
668
175
504
1856
1235
1258
789
2505
173
837
817
429
2270
1856
2057
1115
316
353
581
281
240
2267
361
1856
792
1265
744
2165
186
791
441
247
2181
1856
2263
1207
2451
2295
1764
2187
477
336
403
1856
722
12
1988
1989
108
1657
109
1655
723
1856
1759
730
732
50
51
1601
699
139
1738
1856
73
1598
1599
1977
1595
1716
59
1530
1612
1856
79
47
45
1646
1648
1990
46
683
1656
1856
1592
1632
1685
141
137
1999
1613
1614
142
1856
1605
658
1676
1740
1717
146
1742
151
713
1856
1593
1983
19
48
673
90
670
1959
77
1856
1529
1675
1727
1682
1683
1687
1985
1741
1650
1856
1688
1677
28
1678
1962
1597
657
91
1746
1856
98
21
1649
76
1994
671
1647
106
107
1856
1829
1686
2010
728
111
1730
140
13
1604
1856
2441
1725
1726
1702
701
1518
788
499
1773
1856
16
549
110
20
688
112
18
78
1838
1856
733
1679
1760
1709
1620
1684
742
58
14
1856
709
1728
1783
30
29
677
1596
23
2225
1856
1986
2571
1630
1855
171
1641
1836
1984
681
1856
1715
2248
716
1961
1468
138
1594
1580
710
1856
1721
1956
1975
655
1739
1723
2536
1951
689
1856
1718
75
2540
432
147
682
1737
745
2475
1856
714
715
810
1602
782
1839
2226
700
1744
1856
2572
1621
659
1784
660
941
1380
1957
2147
1856
1722
2260
410
88
427
1245
684
1522
321
1856
1639
1958
1603
947
1247
602
773
1743
778
1856
662
1788
1864
1824
1830
656
635
1832
1841
1856
1012
1842
2392
92
621
2488
1817
755
2250
1856
2537
2304
949
2152
2233
802
166
747
1944
1856
2045
1976
1095
1762
2491
719
2065
1749
1531
1856
116
883
2443
1852
1340
1766
637
391
1470
1856
63
64
1694
2290
2022
1035
249
2213
180
1856
1812
2014
1908
2115
1478
2512
2534
2291
1846
1856
393
1818
1373
1025
2264
273
1815
900
490
1856
1691
772
1447
2223
68
2325
117
250
251
1856
2459
1780
921
845
2044
1821
1745
1796
2517
1856
2204
2444
89
553
2514
519
520
560
1376
1856
886
617
325
2103
2239
849
818
611
1813
1856
2327
2523
1439
2189
1038
1434
846
2078
2313
1856
254
331
388
770
385
574
1486
523
823
1856
255
2341
2052
2083
136
181
1421
1500
930
1856
330
2521
756
2243
2098
986
2240
392
494
1856
1798
2219
514
1425
431
592
762
638
2222
1856
816
2140
2053
2370
2185
433
2406
2447
533
1856
751
2330
2281
2132
262
2129
1319
842
2023
1856
2046
334
516
531
838
2210
594
1010
407
1856
2048
2332
2072
1436
2198
374
182
268
289
1856
328
2206
1096
264
790
2200
793
337
518
1856
535
590
603
1355
2353
543
491
408
423
1856
2442
375
619
312
1294
1269
1278
2199
2195
1856
798
1349
1097
1750
492
840
2149
286
288
1856
1208
1185
963
1312
2419
956
2524
1399
708
1856
1488
1101
2522
954
1127
967
999
1392
1181
1856
2499
1229
2393
1385
1326
1191
2347
1902
975
1856
1204
1193
2452
2494
1523
1223
1473
970
965
1856
2431
1342
1057
955
443
1357
1905
2527
1149
1856
1692
2412
1165
1350
1008
1348
1074
1351
1808
1856
1205
1195
964
2405
1308
1338
1403
957
878
1856
210
661
1162
1161
959
1117
1116
1949
2495
1856
1916
1498
1305
1183
958
1463
2349
1268
1358
1856
1516
1196
1411
1159
1460
1336
1923
2432
2438
1856
455
1066
1496
1528
1394
1461
1331
1896
1494
1856
1785
220
2469
2368
1198
981
2350
1189
145
1856
1517
2415
1267
1313
1045
2486
1306
2156
1492
1856
1169
1343
1173
704
1438
1487
996
208
1090
1856
1900
2398
1799
2471
1007
1160
1119
2305
961
1856
1262
1194
702
1418
1316
101
1297
968
966
1856
2372
2541
1174
1334
1437
1947
927
2528
2068
1856
123
860
217
2472
1427
221
1361
2059
236
1856
1264
1937
1271
1405
99
1366
2169
131
1419
1856
1466
1102
1180
118
960
884
2273
735
1086
1856
1754
1724
1374
157
1138
977
834
2055
1131
1856
1206
1087
2090
2496
717
1015
1367
120
972
1856
2265
1018
2476
923
2237
304
943
2529
2079
1856
2461
1800
2394
1457
1696
1524
908
1770
2425
1856
992
1175
909
1009
2028
907
1054
2435
2009
1856
1226
1337
819
924
237
1442
813
763
66
1856
1519
2445
953
2269
1121
978
1397
2094
2426
1856
1000
749
1214
121
1972
651
1227
876
2492
1856
1285
291
362
324
932
1356
223
2151
572
1856
2567
987
2124
1371
988
2158
1628
2056
1188
1856
868
1497
1216
100
215
2365
2139
1031
1407
1856
990
1416
192
757
2271
1440
584
299
1151
1856
2019
951
293
252
2174
1122
804
2343
880
1856
2361
1202
931
821
2029
917
352
1443
593
1856
326
936
488
261
2182
213
269
2331
369
1856
2018
647
2087
241
890
332
474
216
570
1856
2166
379
486
234
2071
2292
1389
267
545
1856
2339
1508
522
483
190
554
478
1393
1365
1856
501
376
2141
2366
386
2201
2179
387
502
1856
577
2429
257
384
976
349
771
2135
915
1856
1217
800
2177
487
493
456
270
188
776
1856
1695
2362
2105
2106
1288
836
416
632
2109
1856
579
528
233
597
395
939
451
454
631
1856
258
9
2193
2229
851
1024
507
271
314
1856
244
1212
2378
2367
989
2089
2348
546
2145
1856
784
422
294
1412
2344
381
877
448
2383
1856
449
801
2088
591
505
365
510
367
468
1856
2025
253
2321
2282
835
2258
318
163
1098
1856
1445
1861
1866
1113
2484
2418
1940
1130
1895
1856
1126
1893
1891
93
1811
1239
1301
1289
1003
1856
1914
1400
2403
1059
1176
1404
1171
1222
1505
1856
674
1930
1135
1150
1072
2385
2389
1874
2501
1856
1043
1469
149
1238
2440
2296
866
1870
155
1856
2262
1946
1490
1883
1163
1911
2075
1929
2401
1856
2515
1335
1875
2408
741
1455
1939
2404
1917
1856
887
1088
948
1231
2498
707
2428
1857
1058
1856
2136
2470
1114
1885
1123
2307
1004
2481
1383
1856
1164
1078
1960
983
1230
2414
2538
1120
2477
1856
1921
206
1136
1806
1493
1402
1871
1897
1290
1856
2516
1395
2411
1884
2416
1467
2080
1927
1346
1856
1248
2487
1878
1106
672
2531
1353
889
1330
1856
882
1729
2302
1354
726
1513
1021
1273
1913
1856
1076
1363
1109
1919
1344
1118
1177
1853
2402
1856
1771
1339
1085
1272
1073
950
1359
734
1328
1856
1606
2003
1137
1283
1170
94
1291
2002
1699
1856
1075
1210
2493
2070
2391
2308
1781
1774
1881
1856
2502
1862
2306
1079
1368
2539
1284
888
1889
1856
653
739
2584
652
143
144
1420
156
1912
1856
2030
2374
913
1091
2500
1489
1172
1511
1276
1856
1083
680
1432
705
1751
1483
1369
2439
858
1856
1019
1017
918
1360
235
929
891
54
2395
1856
2011
1459
2096
1320
1178
1495
1458
1352
1232
1856
1996
2300
869
2454
892
1153
222
1236
748
1856
799
926
103
1228
148
2110
2465
1084
69
1856
1654
1324
1631
2336
2373
1296
2279
1364
1409
1856
1260
1321
601
1139
105
2446
1462
1847
57
1856
61
2026
2063
1415
2183
622
306
1928
274
1856
2381
724
861
2049
971
1197
1408
1887
2228
1856
2456
1825
72
944
2241
305
214
942
1329
1856
867
925
2221
807
1026
287
279
2227
224
1856
2382
2215
588
2054
464
211
465
2217
1384
1856
585
1826
1433
633
2202
344
1370
200
2033
1856
1607
904
150
2585
2220
618
307
1209
86
1856
1100
2188
2050
1060
1345
1915
466
438
2259
1856
2114
1390
1034
558
1816
2164
2150
654
2154
1856
202
736
276
2231
434
285
571
280
769
1856
935
2280
911
629
2274
766
302
341
512
1856
2161
2277
2460
624
2533
2128
350
277
650
1856
2253
97
442
612
357
644
2286
322
177
1856
2015
2272
2051
634
342
524
646
2473
469
1856
2352
940
1435
260
67
335
525
863
1011
1856
2355
295
609
489
595
2126
320
161
496
1856
2359
1429
580
446
382
2314
2084
536
303
1856
1814
760
2329
559
323
566
201
540
366
1856
2173
573
795
282
625
358
2251
2153
2224
1856
1465
589
401
2236
1218
628
555
266
485
1856
1179
997
2479
2027
1167
1146
2309
1044
969
1856
862
2525
2422
1242
1953
1401
1876
1310
1918
1856
2457
1314
1413
1299
1934
1507
743
1309
60
1856
962
1932
169
1233
979
1304
2410
1810
1311
1856
1898
881
1049
1155
2170
2409
1892
1952
2466
1856
1867
1502
1050
1446
1449
1300
1006
1065
2497
1856
1293
1104
738
725
1070
1144
1481
2420
1341
1856
1899
1450
1807
1147
2396
2430
1128
1220
984
1856
1903
1133
1747
1422
1001
218
1451
1703
170
1856
1224
1362
1323
985
1063
1190
1125
1942
2384
1856
2099
2437
2423
2526
231
2007
1452
1938
1124
1856
945
1886
2485
2434
973
1295
1509
207
1129
1856
993
2303
2144
1941
1064
1152
1157
1882
1056
1856
2358
1456
2351
133
2008
2433
1259
847
1712
1856
1110
1132
2483
1491
2073
1302
1860
1948
1858
1856
1154
1140
1266
1499
1307
1521
1748
1303
55
1856
1633
2255
194
153
2208
198
2503
461
568
1856
2024
1453
1067
1454
980
1192
718
1428
1652
1856
1080
740
1474
128
1071
1327
1184
1877
974
1856
586
1388
2235
1020
1827
1673
152
370
1906
1856
2091
1134
1200
1868
154
129
1201
727
1888
1856
2275
2092
2064
2530
1431
134
1158
1890
2345
1856
96
2242
343
627
2148
598
805
1776
875
1856
1848
946
62
219
1920
1281
1693
1263
1092
1856
1082
2031
2455
1424
1103
1068
833
1047
179
1856
750
879
1107
1156
278
1029
480
405
399
1856
2386
2082
2375
1089
912
2074
2130
1061
2532
1856
2097
761
1464
2315
1375
2380
1828
2032
1935
1856
2209
1756
642
643
2066
402
275
645
420
1856
1186
227
1028
87
777
2077
1279
731
1471
1856
897
1713
509
2107
1298
1863
780
1002
2318
1856
1515
484
626
355
356
389
640
641
185
1856
2016
2060
1203
820
497
2211
729
1653
2249
1856
2232
587
404
599
690
1069
2175
1234
2518
1856
1213
178
1377
2256
607
1755
313
2047
613
1856
2346
914
225
809
933
864
2298
310
2035
1856
578
920
814
2191
511
372
506
426
339
1856
1036
300
1430
562
1448
495
1477
297
639
1856
825
2061
2254
826
415
844
1391
354
775
1856
905
308
2266
906
435
515
2311
373
378
1856
2086
457
854
1030
199
2100
797
1286
2212
1856
2113
338
759
406
467
796
226
345
390
1856
327
569
380
400
615
783
424
600
521
1856
774
2034
605
855
1093
517
2062
991
903
1856
2369
1444
481
1504
436
452
453
865
2230
1856
2176
2328
857
419
503
470
2180
498
534
1856
2284
2285
2333
576
2397
781
482
937
938
1856
2127
542
2322
439
411
412
417
413
319
1856
2568
1733
1706
1734
1055
2005
1804
1182
1782
1856
1711
1793
1936
2575
1704
2510
721
1973
1819
1856
70
711
1651
1965
167
1668
1660
1663
669
1856
1768
1969
1732
2299
1968
203
1992
1980
1795
1856
1879
2577
1801
1820
1791
1705
1840
720
1802
1856
1697
1629
1534
1925
1998
1967
15
1843
1249
1856
1735
1954
1707
1987
204
1052
1955
1479
1981
1856
53
2578
1250
1854
1669
1963
1794
2542
1809
1856
1658
1211
859
1931
1786
1993
2421
245
1803
1856
2012
2006
1731
1255
1995
1982
1051
1645
1971
1856
1659
1251
159
1778
1772
1792
2579
1053
1671
1856
2020
160
2000
1532
664
425
1964
1757
1777
1856
1907
1970
2573
2544
2519
2287
209
2520
2545
1856
1557
1831
2547
1779
1966
1665
1472
1512
2543
1856
2458
2004
1849
1974
1533
1822
1256
230
1805
1856
1765
1761
1991
1950
1837
1514
2482
2371
1769
1856
1880
2513
1714
1823
2480
1661
1753
1943
1775
1856
1667
2576
168
130
1662
678
1869
753
158
1856
1926
1719
1736
1909
1252
1833
2574
952
2474
1856
1789
1145
1873
1979
2436
459
1199
1664
2580
1856
1933
2017
648
2583
1787
1253
396
2289
1901
1856
2379
2407
1844
2301
2076
1042
1482
2424
1240
1856
1506
2293
2504
2581
2067
2511
1763
1108
1221
1856
2146
1525
2387
982
1480
1406
1048
1099
2449
1856
162
1910
998
1111
1797
1148
2142
2490
1261
1856
164
1013
1475
2133
1666
1292
885
1670
246
1856
2041
767
2582
2190
132
2081
1246
398
1347
1856
2376
1105
1790
205
2123
2507
1767
1382
843
1856
1945
2323
1046
894
1851
824
165
1039
1398
1856
2095
2354
2042
2467
1752
2508
10
754
910
1856
2040
2417
2205
1141
2399
1325
1372
2448
65
1856
2036
2244
1315
1168
2489
2463
351
2203
1441
1856
822
1378
811
1317
994
539
2535
2112
1023
1856
263
2218
1845
2342
2214
1094
71
2184
2297
1856
2104
473
1005
1426
2207
1215
827
1282
1243
1856
2038
2377
2268
1476
2283
567
463
394
283
1856
752
896
2278
1112
2400
768
2216
368
2120
1856
1386
794
2337
309
2509
508
2119
2159
2111
1856
1016
292
2288
636
582
440
2340
764
2326
1856
922
1014
2118
2101
2171
2163
340
2186
2121
1856
2037
2197
1410
530
346
2167
2116
2192
2043
1856
2334
2324
1332
1318
551
2453
1040
575
228
1856
758
2238
785
259
815
2506
2356
2245
450
1856
2039
2338
808
2168
2468
2122
2137
513
2194
1856
828
2021
2312
2246
2363
2450
229
665
371
1856
583
995
1219
2196
2360
2464
311
2172
2143
1856
1062
298
347
2134
2125
2247
765
272
471
1856
2335
2357
1333
830
475
532
290
1237
541
