1736
2466
1444
2428
2429
2468
1423
2434
2442
2435
1736
1438
1523
31
1470
1446
750
22
83
80
1736
1554
2473
1590
1434
2469
1
571
573
1488
1736
1518
1560
1454
1439
2431
2470
2440
2432
1431
1736
1455
35
33
193
82
38
1459
1458
119
1736
2467
555
1447
572
1415
1432
1464
1522
1427
1736
2436
1440
2471
1569
1441
2443
2449
1517
2433
1736
2
1468
1456
1448
40
41
1452
42
1457
1736
1416
1425
574
1445
1496
1499
1490
1419
575
1736
2437
2444
1471
2439
2446
2430
1514
2438
2441
1736
814
36
7
5
902
1465
721
25
43
1736
1451
1570
1449
1420
1505
34
1417
1430
1467
1736
2472
2426
2445
543
556
1453
576
1450
1515
1736
1495
32
37
44
24
565
84
446
26
1736
1877
11
1506
6
1497
1442
1428
1436
1466
1736
1561
3
4
1858
1421
1516
1502
1435
113
1736
1480
667
27
1469
197
195
775
357
187
1736
1426
1418
1461
1503
577
1580
1507
56
1429
1736
510
360
500
52
578
2450
1443
426
360
1736
1881
753
1167
567
773
81
360
728
447
1736
74
1462
1504
85
1498
372
1424
1422
238
1736
592
1784
586
494
496
369
360
114
1581
1736
1261
39
432
248
8
191
196
95
172
1736
1588
1463
124
1433
439
1491
732
1489
1134
1736
1124
1022
1739
957
626
546
127
419
547
1736
2307
907
484
559
17
360
429
102
314
1736
1552
115
1400
2018
1715
2190
1407
1802
1520
1736
1121
1578
1150
1638
2293
125
1730
1406
1294
1736
583
1154
781
779
566
364
778
183
316
1736
1949
1600
961
1276
1524
1804
295
1774
1160
1736
1390
1105
1752
1383
242
1303
1965
692
1297
1736
488
912
617
49
913
360
174
135
104
1736
1988
2042
1259
2358
1202
683
1157
239
1046
1736
1067
1267
2196
2199
1893
2244
232
243
264
1736
733
752
2137
2174
126
686
412
529
434
1736
1714
1381
1973
2270
1023
360
2141
799
360
1736
921
360
782
736
1364
2011
328
283
438
1736
360
1982
2035
184
363
490
212
346
430
1736
1997
796
751
719
2268
2342
917
1155
2037
1736
2132
754
1938
2200
409
332
486
443
2156
1736
391
2114
367
364
189
445
176
410
659
1736
476
711
1365
2040
808
360
360
712
709
1736
1745
255
2197
666
730
300
420
503
360
1736
360
122
360
1137
358
2058
548
175
395
1736
1115
1138
669
2385
173
717
697
360
2150
1736
1937
995
315
351
463
280
240
2147
359
1736
672
1145
624
2045
186
671
360
247
2061
1736
2143
1087
2331
2175
1644
2067
370
335
360
1736
602
12
1868
1869
108
1537
109
1535
603
1736
1639
610
612
50
51
1481
579
139
1618
1736
73
1478
1479
1857
1475
1596
59
1410
1492
1736
79
47
45
1526
1528
1870
46
563
1536
1736
1472
1512
1565
141
137
1879
1493
1494
142
1736
1485
538
1556
1620
1597
146
1622
151
593
1736
1473
1863
19
48
553
90
550
1839
77
1736
1409
1555
1607
1562
1563
1567
1865
1621
1530
1736
1568
1557
28
1558
1842
1477
537
91
1626
1736
98
21
1529
76
1874
551
1527
106
107
1736
1709
1566
1890
608
111
1610
140
13
1484
1736
2321
1605
1606
1582
581
1398
668
390
1653
1736
16
431
110
20
568
112
18
78
1718
1736
613
1559
1640
1589
1500
1564
622
58
14
1736
589
1608
1663
30
29
557
1476
23
2105
1736
1866
2451
1510
1735
171
1521
1716
1864
561
1736
1595
2128
596
1841
1348
138
1474
1460
590
1736
1601
1836
1855
535
1619
1603
2416
1831
569
1736
1598
75
2420
360
147
562
1617
625
2355
1736
594
595
690
1482
662
1719
2106
580
1624
1736
2452
1501
539
1664
540
821
1260
1837
2027
1736
1602
2140
360
88
360
1125
564
1402
320
1736
1519
1838
1483
827
1127
482
653
1623
658
1736
542
1668
1744
1704
1710
536
515
1712
1721
1736
892
1722
2272
92
501
2368
1697
635
2130
1736
2417
2184
829
2032
2113
682
166
627
1824
1736
1925
1856
975
1642
2371
599
1945
1629
1411
1736
116
763
2323
1732
1220
1646
517
360
1350
1736
63
64
1574
2170
1902
915
249
2093
180
1736
1692
1894
1788
1995
1358
2392
2414
2171
1726
1736
360
1698
1253
905
2144
272
1695
780
381
1736
1571
652
1327
2103
68
2205
117
250
251
1736
2339
1660
801
725
1924
1701
1625
1676
2397
1736
2084
2324
89
435
2394
406
406
442
1256
1736
766
497
324
1983
2119
729
698
491
1693
1736
2207
2403
1319
2069
918
1314
726
1958
2193
1736
254
330
360
650
360
456
1366
406
703
1736
254
2221
1932
1963
136
181
1301
1380
810
1736
329
2401
636
2123
1978
866
2120
360
385
1736
1678
2099
403
1305
360
474
642
518
2102
1736
696
2020
1933
2250
2065
360
2286
2327
415
1736
631
2210
2161
2012
261
2009
1199
722
1903
1736
1926
333
405
414
718
2090
474
890
360
1736
1928
2212
1952
1316
2078
360
182
267
288
1736
327
2086
976
263
670
2080
673
336
405
1736
417
472
483
1235
2233
425
382
360
360
1736
2322
360
499
311
1174
1149
1158
2079
2075
1736
678
1229
977
1630
383
720
2029
285
287
1736
1088
1065
843
1192
2299
836
2404
1279
588
1736
1368
981
2402
834
1007
847
879
1272
1061
1736
2379
1109
2273
1265
1206
1071
2227
1782
855
1736
1084
1073
2332
2374
1403
1103
1353
850
845
1736
2311
1222
937
835
360
1237
1785
2407
1029
1736
1572
2292
1045
1230
888
1228
954
1231
1688
1736
1085
1075
844
2285
1188
1218
1283
837
758
1736
210
541
1042
1041
839
997
996
1829
2375
1736
1796
1378
1185
1063
838
1343
2229
1148
1238
1736
1396
1076
1291
1039
1340
1216
1803
2312
2318
1736
361
946
1376
1408
1274
1341
1211
1776
1374
1736
1665
220
2349
2248
1078
861
2230
1069
145
1736
1397
2295
1147
1193
925
2366
1186
2036
1372
1736
1049
1223
1053
584
1318
1367
876
208
970
1736
1780
2278
1679
2351
887
1040
999
2185
841
1736
1142
1074
582
1298
1196
101
1177
848
846
1736
2252
2421
1054
1214
1317
1827
807
2408
1948
1736
123
740
217
2352
1307
221
1241
1939
236
1736
1144
1817
1151
1285
99
1246
2049
131
1299
1736
1346
982
1060
118
840
764
2153
615
966
1736
1634
1604
1254
157
1018
857
714
1935
1011
1736
1086
967
1970
2376
597
895
1247
120
852
1736
2145
898
2356
803
2117
303
823
2409
1959
1736
2341
1680
2274
1337
1576
1404
788
1650
2305
1736
872
1055
789
889
1908
787
934
2315
1889
1736
1106
1217
699
804
237
1322
693
643
66
1736
1399
2325
833
2149
1001
858
1277
1974
2306
1736
880
629
1094
121
1852
531
1107
756
2372
1736
1165
290
359
323
812
1236
223
2031
454
1736
2447
867
2004
1251
868
2038
1508
1936
1068
1736
748
1377
1096
100
215
2245
2019
911
1287
1736
870
1296
192
637
2151
1320
466
298
1031
1736
1899
831
292
252
2054
1002
684
2223
760
1736
2241
1082
811
701
1909
797
350
1323
474
1736
325
816
379
260
2062
213
268
2211
360
1736
1898
527
1967
241
770
331
367
216
452
1736
2046
360
377
234
1951
2172
1269
266
427
1736
2219
1388
406
375
190
436
371
1273
1245
1736
392
360
2021
2246
360
2081
2059
360
393
1736
459
2309
256
360
856
347
651
2015
795
1736
1097
680
2057
378
384
361
269
188
656
1736
1575
2242
1985
1986
1168
716
360
512
1989
1736
461
411
233
477
360
819
360
360
511
1736
257
9
2073
2109
731
904
396
270
313
1736
244
1092
2258
2247
869
1969
2228
428
2025
1736
664
360
293
1292
2224
360
757
360
2263
1736
360
681
1968
473
396
360
399
360
367
1736
1905
253
2201
2162
715
2138
317
163
978
1736
1325
1741
1746
993
2364
2298
1820
1010
1775
1736
1006
1773
1771
93
1691
1119
1181
1169
883
1736
1794
1280
2283
939
1056
1284
1051
1102
1385
1736
554
1810
1015
1030
952
2265
2269
1754
2381
1736
923
1349
149
1118
2320
2176
746
1750
155
1736
2142
1826
1370
1763
1043
1791
1955
1809
2281
1736
2395
1215
1755
2288
621
1335
1819
2284
1797
1736
767
968
828
1111
2378
587
2308
1737
938
1736
2016
2350
994
1765
1003
2187
884
2361
1263
1736
1044
958
1840
863
1110
2294
2418
1000
2357
1736
1801
206
1016
1686
1373
1282
1751
1777
1170
1736
2396
1275
2291
1764
2296
1347
1960
1807
1226
1736
1128
2367
1758
986
552
2411
1233
769
1210
1736
762
1609
2182
1234
606
1393
901
1153
1793
1736
956
1243
989
1799
1224
998
1057
1733
2282
1736
1651
1219
965
1152
953
830
1239
614
1208
1736
1486
1883
1017
1163
1050
94
1171
1882
1579
1736
955
1090
2373
1950
2271
2188
1661
1654
1761
1736
2382
1742
2186
959
1248
2419
1164
768
1769
1736
533
619
2464
532
143
144
1300
156
1792
1736
1910
2254
793
971
2380
1369
1052
1391
1156
1736
963
560
1312
585
1631
1363
1249
2319
738
1736
899
897
798
1240
235
809
771
54
2275
1736
1891
1339
1976
1200
1058
1375
1338
1232
1112
1736
1876
2180
749
2334
772
1033
222
1116
628
1736
679
806
103
1108
148
1990
2345
964
69
1736
1534
1204
1511
2216
2253
1176
2159
1244
1289
1736
1140
1201
481
1019
105
2326
1342
1727
57
1736
61
1906
1943
1295
2063
502
305
1808
273
1736
2261
604
741
1929
851
1077
1288
1767
2108
1736
2336
1705
72
824
2121
304
214
822
1209
1736
747
805
2101
687
906
286
278
2107
224
1736
2262
2095
470
1934
364
211
365
2097
1264
1736
467
1706
1313
513
2082
343
1250
200
1913
1736
1487
784
150
2465
2100
498
306
1089
86
1736
980
2068
1930
940
1225
1795
366
360
2139
1736
1994
1270
914
440
1696
2044
2030
534
2034
1736
202
616
275
2111
360
284
453
279
649
1736
815
2160
791
509
2154
646
301
340
401
1736
2041
2157
2340
504
2413
2008
348
276
530
1736
2133
97
360
492
355
524
2166
321
177
1736
1895
2152
1931
514
341
407
526
2353
367
1736
2232
820
1315
259
67
334
408
743
891
1736
2235
294
489
380
475
2006
319
161
387
1736
2239
1309
462
360
360
2194
1964
418
302
1736
1694
640
2209
441
322
448
201
422
360
1736
2053
455
675
281
505
356
2131
2033
2104
1736
1345
471
360
2116
1098
508
437
265
376
1736
1059
877
2359
1907
1047
1026
2189
924
849
1736
742
2405
2302
1122
1833
1281
1756
1190
1798
1736
2337
1194
1293
1179
1814
1387
623
1189
60
1736
842
1812
169
1113
859
1184
2290
1690
1191
1736
1778
761
929
1035
2050
2289
1772
1832
2346
1736
1747
1382
930
1326
1329
1180
886
945
2377
1736
1173
984
618
605
950
1024
1361
2300
1221
1736
1779
1330
1687
1027
2276
2310
1008
1100
864
1736
1783
1013
1627
1302
881
218
1331
1583
170
1736
1104
1242
1203
865
943
1070
1005
1822
2264
1736
1979
2317
2303
2406
231
1887
1332
1818
1004
1736
825
1766
2365
2314
853
1175
1389
207
1009
1736
873
2183
2024
1821
944
1032
1037
1762
936
1736
2238
1336
2231
133
1888
2313
1139
727
1592
1736
990
1012
2363
1371
1953
1182
1740
1828
1738
1736
1034
1020
1146
1379
1187
1401
1628
1183
55
1736
1513
2135
194
153
2088
198
2383
364
450
1736
1904
1333
947
1334
860
1072
598
1308
1532
1736
960
620
1354
128
951
1207
1064
1757
854
1736
468
1268
2115
900
1707
1553
152
360
1786
1736
1971
1014
1080
1748
154
129
1081
607
1768
1736
2155
1972
1944
2410
1311
134
1038
1770
2225
1736
96
2122
342
507
2028
478
685
1656
755
1736
1728
826
62
219
1800
1161
1573
1143
972
1736
962
1911
2335
1304
983
948
713
927
179
1736
630
759
987
1036
277
909
373
360
360
1736
2266
1962
2255
969
792
1954
2010
941
2412
1736
1977
641
1344
2195
1255
2260
1708
1912
1815
1736
2089
1636
522
523
1946
360
274
525
360
1736
1066
227
908
87
657
1957
1159
611
1351
1736
777
1593
398
1987
1178
1743
660
882
2198
1736
1395
375
506
353
354
360
520
521
185
1736
1896
1940
1083
700
388
2091
609
1533
2129
1736
2112
469
360
479
570
949
2055
1114
2398
1736
1093
178
1257
2136
487
1635
312
1927
493
1736
2226
794
225
689
813
744
2178
309
1915
1736
460
800
694
2071
400
360
396
360
338
1736
916
299
1310
444
1328
386
1357
296
519
1736
705
1941
2134
706
360
724
1271
352
655
1736
785
307
2146
786
360
404
2191
360
360
1736
1966
362
734
910
199
1980
677
1166
2092
1736
1993
337
639
360
366
676
226
344
360
1736
326
451
360
360
495
663
360
480
406
1736
654
1914
485
735
973
405
1942
871
783
1736
2249
1324
373
1384
360
360
360
745
2110
1736
2056
2208
737
360
394
367
2060
389
416
1736
2164
2165
2213
458
2277
661
374
817
818
1736
2007
424
2202
360
360
360
360
360
318
1736
2448
1613
1586
1614
935
1885
1684
1062
1662
1736
1591
1673
1816
2455
1584
2390
601
1853
1699
1736
70
591
1531
1845
167
1548
1540
1543
549
1736
1648
1849
1612
2179
1848
203
1872
1860
1675
1736
1759
2457
1681
1700
1671
1585
1720
600
1682
1736
1577
1509
1414
1805
1878
1847
15
1723
1129
1736
1615
1834
1587
1867
204
932
1835
1359
1861
1736
53
2458
1130
1734
1549
1843
1674
2422
1689
1736
1538
1091
739
1811
1666
1873
2301
245
1683
1736
1892
1886
1611
1135
1875
1862
931
1525
1851
1736
1539
1131
159
1658
1652
1672
2459
933
1551
1736
1900
160
1880
1412
544
360
1844
1637
1657
1736
1787
1850
2453
2424
2399
2167
209
2400
2425
1736
1437
1711
2427
1659
1846
1545
1352
1392
2423
1736
2338
1884
1729
1854
1413
1702
1136
230
1685
1736
1645
1641
1871
1830
1717
1394
2362
2251
1649
1736
1760
2393
1594
1703
2360
1541
1633
1823
1655
1736
1547
2456
168
130
1542
558
1749
633
158
1736
1806
1599
1616
1789
1132
1713
2454
832
2354
1736
1669
1025
1753
1859
2316
363
1079
1544
2460
1736
1813
1897
528
2463
1667
1133
360
2169
1781
1736
2259
2287
1724
2181
1956
922
1362
2304
1120
1736
1386
2173
2384
2461
1947
2391
1643
988
1101
1736
2026
1405
2267
862
1360
1286
928
979
2329
1736
162
1790
878
991
1677
1028
2022
2370
1141
1736
164
893
1355
2013
1546
1172
765
1550
246
1736
1921
647
2462
2070
132
1961
1126
360
1227
1736
2256
985
1670
205
2003
2387
1647
1262
723
1736
1825
2203
926
774
1731
704
165
919
1278
1736
1975
2234
1922
2347
1632
2388
10
634
790
1736
1920
2297
2085
1021
2279
1205
1252
2328
65
1736
1916
2124
1195
1048
2369
2343
349
2083
1321
1736
702
1258
691
1197
874
421
2415
1992
903
1736
262
2098
1725
2222
2094
974
71
2064
2177
1736
1984
367
885
1306
2087
1095
707
1162
1123
1736
1918
2257
2148
1356
2163
449
364
360
282
1736
632
776
2158
992
2280
648
2096
360
2000
1736
1266
674
2217
308
2389
397
1999
2039
1991
1736
896
291
2168
516
464
360
2220
644
2206
1736
802
894
1998
1981
2051
2043
339
2066
2001
1736
1917
2077
1290
413
345
2047
1996
2072
1923
1736
2214
2204
1212
1198
433
2333
920
457
228
1736
638
2118
665
258
695
2386
2236
2125
360
1736
1919
2218
688
2048
2348
2002
2017
402
2074
1736
708
1901
2192
2126
2243
2330
229
545
360
1736
465
875
1099
2076
2240
2344
310
2052
2023
1736
942
297
345
2014
2005
2127
645
271
367
1736
2215
2237
1213
710
368
414
289
1117
423
