1569
2261
1277
2223
2224
2263
1256
2229
2237
2230
1569
1271
1356
31
1303
1279
605
22
83
80
1569
1387
2268
1423
1267
2264
1
441
443
1321
1569
1351
1393
1287
1272
2226
2265
2235
2227
1264
1569
1288
35
33
192
82
38
1292
1291
119
1569
2262
425
1280
442
1248
1265
1297
1355
1260
1569
2231
1273
2266
1402
1274
2238
2244
1350
2228
1569
2
1301
1289
1281
40
41
1285
42
1290
1569
1249
1258
444
1278
1329
1332
1323
1252
445
1569
2232
2239
1304
2234
2241
2225
1347
2233
2236
1569
664
36
7
5
746
1298
577
25
43
1569
1284
1403
1282
1253
1338
34
1250
1263
1300
1569
2267
2221
2240
413
426
1286
446
1283
1348
1569
1328
32
37
44
24
435
84
336
26
1569
1710
11
1339
6
1330
1275
1261
1269
1299
1569
1394
3
4
1691
1254
1349
1335
1268
113
1569
1313
534
27
1302
196
194
630
319
187
1569
1259
1251
1294
1336
447
1413
1340
56
1262
1569
382
319
378
52
448
2245
1276
324
319
1569
1714
608
1007
437
628
81
319
583
336
1569
74
1295
1337
85
1331
319
1257
1255
234
1569
462
1617
456
374
376
319
319
114
1414
1569
1099
39
330
242
8
190
195
95
172
1569
1421
1296
124
1266
333
1324
587
1322
976
1569
966
866
1572
801
496
416
127
320
417
1569
2102
751
364
429
17
319
327
102
299
1569
1385
115
1233
1843
1548
1987
1240
1635
1353
1569
963
1411
990
1471
2088
125
1563
1239
1132
1569
453
994
634
632
436
319
631
183
301
1569
1782
1433
805
1114
1357
1637
281
1607
1000
1569
1223
947
1585
1216
236
1141
1797
559
1135
1569
368
756
487
49
757
319
174
135
104
1569
1816
1867
1097
2153
1042
550
997
235
890
1569
910
1105
1993
1996
1726
2040
228
237
251
1569
588
607
1936
1971
126
553
320
399
330
1569
1547
1214
1804
2065
867
319
1940
649
319
1569
765
319
635
591
1198
1836
310
269
332
1569
319
1811
1860
184
319
370
211
318
328
1569
1825
646
606
576
2063
2137
761
995
1862
1569
1931
609
1771
1997
320
312
366
334
1953
1569
319
1916
319
319
189
335
176
320
528
1569
358
573
1199
1865
658
319
319
573
572
1569
1578
247
1994
533
585
285
321
380
319
1569
319
122
319
979
319
1879
418
175
319
1569
957
980
536
2180
173
574
564
319
1948
1569
1770
839
300
319
350
267
236
1945
319
1569
539
987
494
1870
186
538
319
241
1881
1569
1942
930
2126
1972
1477
1882
319
315
319
1569
472
12
1701
1702
108
1370
109
1368
473
1569
1472
480
482
50
51
1314
449
139
1451
1569
73
1311
1312
1690
1308
1429
59
1243
1325
1569
79
47
45
1359
1361
1703
46
433
1369
1569
1305
1345
1398
141
137
1712
1326
1327
142
1569
1318
408
1389
1453
1430
146
1455
151
463
1569
1306
1696
19
48
423
90
420
1672
77
1569
1242
1388
1440
1395
1396
1400
1698
1454
1363
1569
1401
1390
28
1391
1675
1310
407
91
1459
1569
98
21
1362
76
1707
421
1360
106
107
1569
1542
1399
1723
478
111
1443
140
13
1317
1569
2116
1438
1439
1415
451
1231
535
319
1486
1569
16
329
110
20
438
112
18
78
1551
1569
483
1392
1473
1422
1333
1397
492
58
14
1569
459
1441
1496
30
29
427
1309
23
1907
1569
1699
2246
1343
1568
171
1354
1549
1697
431
1569
1428
1927
466
1674
1182
138
1307
1293
460
1569
1434
1669
1688
405
1452
1436
2211
1664
439
1569
1431
75
2215
319
147
432
1450
495
2150
1569
464
465
557
1315
531
1552
1908
450
1457
1569
2247
1334
409
1497
410
669
1098
1670
1852
1569
1435
1939
319
88
319
967
434
1235
303
1569
1352
1671
1316
675
969
363
523
1456
527
1569
412
1501
1577
1537
1543
406
387
1545
1554
1569
736
1555
2067
92
378
2163
1530
505
1929
1569
2212
1981
677
1857
1915
549
166
497
1657
1569
1758
1689
819
1475
2166
469
1778
1462
1244
1569
116
618
2118
1565
1060
1479
389
319
1184
1569
63
64
1407
1967
1735
759
243
1901
180
1569
1525
1727
1621
1823
1192
2187
2209
1968
1559
1569
319
1531
1091
749
1943
259
1528
633
319
1569
1404
522
1161
1907
68
2002
117
244
245
1569
2134
1493
651
580
1757
1534
1458
1509
2192
1569
1892
2119
89
331
2189
320
320
334
1094
1569
621
377
307
1812
1920
584
565
371
1526
1569
2004
2198
1154
1883
762
1152
581
1791
1990
1569
247
312
319
520
319
345
1200
320
569
1569
247
2017
1765
1796
136
181
1139
1213
660
1569
311
2196
506
1923
1809
710
1921
319
319
1569
1511
1904
320
1143
319
358
512
389
1906
1569
563
1845
1766
2045
1882
319
2081
2122
320
1569
501
2007
1958
1837
249
1834
1039
577
1736
1569
1759
313
320
320
575
1898
358
734
319
1569
1761
2009
1785
1154
1887
319
182
254
274
1569
309
1894
820
250
537
1888
540
315
320
1569
320
356
363
1074
2029
323
319
319
319
1569
2117
319
377
296
1014
989
998
1887
1885
1569
545
1068
821
1463
319
576
1854
271
273
1569
931
908
690
1032
2094
684
2199
1117
458
1569
1201
825
2197
682
851
693
723
1110
904
1569
2174
951
2068
1103
1046
914
2023
1615
699
1569
927
916
2127
2169
1236
945
1187
694
691
1569
2106
1062
781
683
319
1076
1618
2202
873
1569
1405
2087
889
1069
732
1067
798
1070
1521
1569
928
918
690
2080
1028
1058
1121
685
613
1569
209
411
886
885
687
841
840
1662
2170
1569
1629
1211
1025
906
686
1177
2025
988
1077
1569
1229
919
1129
883
1174
1056
1636
2107
2113
1569
319
790
1209
1241
1112
1175
1051
1609
1207
1569
1498
219
2144
2043
921
705
2026
912
145
1569
1230
2090
987
1033
769
2161
1026
1861
1205
1569
893
1063
897
454
1154
1200
720
207
814
1569
1613
2073
1512
2146
731
884
843
1982
688
1569
984
917
452
1136
1036
101
1017
693
692
1569
2047
2216
897
1054
1154
1660
657
2203
1781
1569
123
595
216
2147
1145
220
1080
1772
232
1569
986
1650
991
1123
99
1085
1874
131
1137
1569
1180
826
903
118
687
619
1951
485
810
1569
1467
1437
1092
157
862
701
574
1768
855
1569
929
811
1801
2171
467
739
1086
120
696
1569
1944
742
2151
653
1919
288
671
2204
1792
1569
2136
1513
2069
1171
1409
1237
638
1483
2100
1569
716
898
639
733
1741
637
778
2110
1722
1569
948
1057
565
654
233
1156
560
513
66
1569
1232
2120
681
1947
845
702
1115
1805
2101
1569
724
499
937
121
1685
401
949
611
2167
1569
1005
276
319
306
662
1075
222
1856
343
1569
2242
711
1831
1090
712
1863
1341
1769
911
1569
603
1210
939
100
214
2041
1844
755
1125
1569
714
1134
191
507
1949
1155
353
283
875
1569
1732
679
278
246
1878
846
551
2019
615
1569
2037
925
661
567
1742
647
318
1157
358
1569
308
665
319
248
1881
212
255
2008
319
1569
1731
397
1799
236
625
312
319
215
341
1569
1871
319
319
230
1784
1969
1107
253
325
1569
2015
1221
320
319
189
331
319
1111
1084
1569
319
319
1846
2042
319
1889
1879
319
319
1569
348
2104
247
319
700
318
521
1840
645
1569
939
547
1879
319
319
319
256
188
525
1569
1408
2038
1813
1814
1008
574
319
384
1817
1569
348
320
229
358
319
667
319
319
383
1569
248
9
1884
1911
586
748
319
257
298
1569
238
935
2053
2042
713
1800
2024
326
1850
1569
532
319
279
1130
2020
319
612
319
2058
1569
319
548
1799
357
319
319
319
319
319
1569
1738
246
1998
1959
574
1937
301
163
822
1569
1159
1574
1579
837
2159
2093
1653
854
1608
1569
850
1606
1604
93
1524
961
1021
1009
727
1569
1627
1118
2078
783
899
1122
895
944
1218
1569
424
1643
859
874
796
2060
2064
1587
2176
1569
767
1183
149
960
2115
1973
601
1583
155
1569
1941
1659
1203
1596
887
1624
1788
1642
2076
1569
2190
1055
1588
2083
491
1169
1652
2079
1630
1569
622
812
676
953
2173
457
2103
1570
782
1569
1841
2145
838
1598
847
1984
728
2156
1101
1569
888
802
1673
707
952
2089
2213
844
2152
1569
1634
205
860
1519
1206
1120
1584
1610
1010
1569
2191
1113
2086
1597
2091
1181
1793
1640
1065
1569
970
2162
1591
830
422
2206
1072
624
1050
1569
617
1442
1979
1073
476
1226
745
993
1626
1569
800
1082
833
1632
1064
842
900
1566
2077
1569
1484
1059
809
992
797
678
1078
484
1048
1569
1319
1716
861
1003
894
94
1011
1715
1412
1569
799
933
2168
1783
2066
1985
1494
1487
1594
1569
2177
1575
1983
803
1087
2214
1004
623
1602
1569
403
489
2259
402
143
144
1138
156
1625
1569
1743
2049
643
815
2175
1202
896
1224
996
1569
807
430
1150
455
1464
1197
1088
2114
593
1569
743
741
648
1079
231
659
626
54
2070
1569
1724
1173
1807
1040
901
1208
1172
1071
954
1569
1709
1977
604
2129
627
877
221
958
498
1569
546
656
103
950
148
1818
2140
808
69
1569
1367
1044
1344
2012
2048
1016
1956
1083
1127
1569
982
1041
362
863
105
2121
1176
1560
57
1569
61
1739
1776
1133
1881
379
290
1641
260
1569
2056
474
596
1762
695
920
1126
1600
1910
1569
2131
1538
72
672
1922
289
213
670
1049
1569
602
655
1905
554
750
272
265
1909
223
1569
2057
1902
354
1767
319
210
319
1903
1102
1569
353
1539
1151
385
1890
317
1089
199
1746
1569
1320
635
150
2260
1904
377
291
932
86
1569
824
1882
1763
784
1064
1628
319
319
1938
1569
1822
1108
758
334
1529
1869
1855
404
1859
1569
201
486
262
1913
319
270
342
266
519
1569
664
1957
641
381
1952
516
286
317
320
1569
1866
1954
2135
380
2208
1833
318
263
400
1569
1932
97
319
372
319
394
1963
304
177
1569
1728
1950
1764
386
317
320
396
2148
319
1569
2028
668
1153
248
67
314
320
598
735
1569
2031
280
369
319
358
1832
302
161
319
1569
2035
1147
349
319
319
1991
1796
320
287
1569
1527
510
2006
334
305
337
200
321
319
1569
1877
344
542
267
381
319
1930
1858
1907
1569
1179
355
319
1918
940
381
331
252
319
1569
902
721
2154
1740
891
870
1986
768
693
1569
597
2200
2097
964
1666
1119
1589
1030
1631
1569
2132
1034
1131
1019
1647
1220
493
1029
60
1569
689
1645
169
955
703
1024
2085
1523
1031
1569
1611
616
773
879
1875
2084
1605
1665
2141
1569
1580
1215
774
1160
1163
1020
730
789
2172
1569
1013
828
488
475
794
868
1195
2095
1061
1569
1612
1164
1520
871
2071
2105
852
942
708
1569
1616
857
1460
1140
725
217
1165
1416
170
1569
946
1081
1043
709
787
913
849
1655
2059
1569
1809
2112
2098
2201
227
1720
1166
1651
848
1569
673
1599
2160
2109
697
1015
1222
206
853
1569
717
1980
1849
1654
788
876
881
1595
780
1569
2034
1170
2027
133
1721
2108
981
582
1425
1569
834
856
2158
1204
1786
1022
1573
1661
1571
1569
878
864
987
1212
1027
1234
1461
1023
55
1569
1346
1934
193
153
1896
197
2178
319
339
1569
1737
1167
791
1168
704
915
468
1146
1365
1569
804
490
1188
128
795
1047
907
1590
698
1569
353
1106
1917
744
1540
1386
152
319
1619
1569
1802
858
923
1581
154
129
924
477
1601
1569
1952
1803
1777
2205
1149
134
882
1603
2021
1569
96
1922
317
381
1853
359
552
1489
610
1569
1561
674
62
218
1633
1001
1406
985
816
1569
806
1744
2130
1142
827
792
573
771
179
1569
500
614
831
880
264
753
319
319
319
1569
2061
1795
2050
813
642
1787
1835
785
2207
1569
1808
511
1178
1992
1093
2055
1541
1745
1648
1569
1897
1469
392
393
1779
319
261
395
319
1569
909
224
752
87
526
1790
999
481
1185
1569
630
1426
319
1815
1018
1576
529
726
1995
1569
1228
319
381
319
319
319
391
391
185
1569
1729
1773
926
566
319
1899
479
1366
1928
1569
1914
353
319
360
440
793
1879
956
2193
1569
936
178
1095
1935
367
1468
297
1760
373
1569
2022
644
224
556
663
599
1975
294
1748
1569
348
650
561
1883
319
319
319
319
316
1569
760
284
1148
334
1162
319
1191
281
390
1569
571
1774
1933
571
319
579
1109
319
524
1569
636
292
1944
636
319
320
1988
319
319
1569
1798
319
589
754
198
1809
544
1006
1900
1569
1821
315
509
319
319
543
224
317
319
1569
308
340
319
319
375
531
319
361
320
1569
523
1747
365
590
817
320
1775
715
635
1569
2044
1158
319
1217
319
319
319
600
1912
1569
1879
2005
592
319
319
319
1880
319
320
1569
1961
1962
2010
347
2072
530
319
665
666
1569
1832
322
1999
319
319
319
319
319
301
1569
2243
1446
1419
1447
779
1718
1517
905
1495
1569
1424
1506
1649
2250
1417
2185
471
1686
1532
1569
70
461
1364
1678
167
1381
1373
1376
419
1569
1481
1682
1445
1976
1681
202
1705
1693
1508
1569
1592
2252
1514
1533
1504
1418
1553
470
1515
1569
1410
1342
1247
1638
1711
1680
15
1556
971
1569
1448
1667
1420
1700
203
776
1668
1193
1694
1569
53
2253
972
1567
1382
1676
1507
2217
1522
1569
1371
934
594
1644
1499
1706
2096
239
1516
1569
1725
1719
1444
977
1708
1695
775
1358
1684
1569
1372
973
159
1491
1485
1505
2254
777
1384
1569
1733
160
1713
1245
414
319
1677
1470
1490
1569
1620
1683
2248
2219
2194
1964
208
2195
2220
1569
1270
1544
2222
1492
1679
1378
1186
1225
2218
1569
2133
1717
1562
1687
1246
1535
978
226
1518
1569
1478
1474
1704
1663
1550
1227
2157
2046
1482
1569
1593
2188
1427
1536
2155
1374
1466
1656
1488
1569
1380
2251
168
130
1375
428
1582
503
158
1569
1639
1432
1449
1622
974
1546
2249
680
2149
1569
1502
869
1586
1692
2111
319
922
1377
2255
1569
1646
1730
398
2258
1500
975
319
1966
1614
1569
2054
2082
1557
1978
1789
766
1196
2099
962
1569
1219
1970
2179
2256
1780
2186
1476
832
943
1569
1851
1238
2062
706
1194
1124
772
823
2124
1569
162
1623
722
835
1510
872
1847
2165
983
1569
164
737
1189
1838
1379
1012
620
1383
240
1569
1754
517
2257
1883
132
1794
968
319
1066
1569
2051
829
1503
204
1830
2182
1480
1100
578
1569
1658
2000
770
629
1564
570
165
763
1116
1569
1806
2030
1755
2142
1465
2183
10
504
640
1569
1753
2092
1893
865
2074
1045
1090
2123
65
1569
1749
1924
1035
892
2164
2138
318
1891
1155
1569
568
1096
558
1037
718
321
2210
1820
747
1569
249
1903
1558
2018
1901
818
71
1881
1974
1569
1812
319
729
1144
1895
938
571
1002
965
1569
1751
2052
1946
1190
1960
338
319
319
268
1569
502
630
1955
836
2075
518
1902
319
1827
1569
1104
541
2013
293
2184
319
1826
1864
1819
1569
740
277
1965
388
351
319
2016
514
2003
1569
652
738
1825
1810
1876
1868
316
1882
1828
1569
1750
1886
1128
320
318
1872
1824
1883
1756
1569
2011
2001
1052
1038
330
2128
764
346
224
1569
508
1919
532
248
562
2181
2032
1924
319
1569
1752
2014
555
1873
2143
1829
1842
320
1884
1569
571
1734
1989
1925
2039
2125
225
415
319
1569
352
719
941
1885
2036
2139
295
1876
1848
1569
786
282
318
1839
1831
1926
515
258
319
1569
2011
2033
1053
572
319
320
275
959
321
