1293
1840
1001
1802
1803
1842
980
1808
1816
1809
1293
995
1080
31
1027
1003
484
22
83
80
1293
1111
1847
1147
991
1843
1
351
353
1045
1293
1075
1117
1011
996
1805
1844
1814
1806
988
1293
1012
35
33
185
82
38
1016
1015
117
1293
1841
335
1004
352
972
989
1021
1079
984
1293
1810
997
1845
1126
998
1817
1823
1074
1807
1293
2
1025
1013
1005
40
41
1009
42
1014
1293
973
982
354
1002
1053
1056
1047
976
355
1293
1811
1818
1028
1813
1820
1804
1071
1812
1815
1293
525
36
7
5
590
1022
460
25
43
1293
1008
1127
1006
977
1062
34
974
987
1024
1293
1846
1800
1819
323
336
1010
356
1007
1072
1293
1052
32
37
44
24
345
84
276
26
1293
1428
11
1063
6
1054
999
985
993
1023
1293
1118
3
4
1409
978
1073
1059
992
113
1293
1037
431
27
1026
189
187
505
268
184
1293
983
975
1018
1060
357
1137
1064
56
986
1293
296
268
295
52
358
1824
1000
270
268
1293
1432
484
799
347
503
81
268
466
276
1293
74
1019
1061
85
1055
268
981
979
223
1293
372
1339
366
294
294
268
268
113
1138
1293
863
39
275
229
8
184
188
95
169
1293
1145
1020
121
990
275
1048
467
1046
769
1293
759
699
1296
644
403
326
124
268
327
1293
1696
595
288
339
17
268
272
102
263
1293
1109
114
957
1524
1272
1613
964
1355
1077
1293
756
1135
782
1195
1685
122
1287
963
887
1293
363
786
506
505
346
268
505
180
265
1293
1490
1157
647
874
1081
1357
254
1331
792
1293
947
748
1309
940
225
893
1503
453
889
1293
290
600
395
49
601
268
171
132
104
1293
1510
1548
863
1733
826
447
789
224
712
1293
725
866
1618
1621
1444
1651
219
225
231
1293
467
484
1578
1599
123
449
268
309
275
1293
1271
938
1505
1668
700
268
1581
516
268
1293
609
268
507
470
934
1521
268
245
275
1293
268
1508
1541
181
268
292
204
268
273
1293
1517
514
484
460
1666
1719
605
787
1543
1293
1573
484
1484
1622
268
268
289
276
1586
1293
268
1568
268
268
184
276
173
268
428
1293
287
459
934
1546
522
268
268
459
459
1293
1302
231
1619
431
466
255
268
295
268
1293
268
119
268
772
268
1553
328
172
268
1293
751
773
433
1759
170
459
455
268
1585
1293
1483
678
264
268
283
245
225
1583
268
1293
436
780
401
1551
183
435
268
228
1553
1293
1582
735
1711
1600
1201
1553
268
268
268
1293
382
12
1419
1420
108
1094
109
1092
383
1293
1196
389
391
50
51
1038
359
136
1175
1293
73
1035
1036
1408
1032
1153
59
967
1049
1293
79
47
45
1083
1085
1421
46
343
1093
1293
1029
1069
1122
138
134
1430
1050
1051
139
1293
1042
318
1113
1177
1154
143
1179
148
373
1293
1030
1414
19
48
333
90
330
1390
77
1293
966
1112
1164
1119
1120
1124
1416
1178
1087
1293
1125
1114
28
1115
1393
1034
317
91
1183
1293
98
21
1086
76
1425
331
1084
106
107
1293
1266
1123
1441
387
111
1167
137
13
1041
1293
1705
1162
1163
1139
361
955
432
268
1210
1293
16
274
110
20
348
112
18
78
1275
1293
392
1116
1197
1146
1057
1121
399
58
14
1293
369
1165
1220
30
29
337
1033
23
1564
1293
1417
1825
1067
1292
168
1078
1273
1415
341
1293
1152
1570
376
1392
918
135
1031
1017
370
1293
1158
1387
1406
315
1176
1160
1790
1382
349
1293
1155
75
1794
268
144
342
1174
402
1730
1293
374
375
452
1039
431
1276
1564
360
1181
1293
1826
1058
319
1221
320
528
863
1388
1533
1293
1159
1580
268
88
268
760
344
959
265
1293
1076
1389
1040
534
762
288
426
1180
427
1293
322
1225
1301
1261
1267
316
301
1269
1278
1293
580
1279
1670
92
295
1743
1254
412
1571
1293
1791
1609
536
1538
1567
446
163
404
1376
1293
1476
1407
660
1199
1746
379
1487
1186
968
1293
115
493
1705
1289
840
1203
302
268
920
1293
63
64
1131
1595
1453
603
230
1563
177
1293
1249
1445
1342
1516
928
1766
1788
1596
1283
1293
268
1255
859
593
1582
238
1252
505
268
1293
1128
425
901
1564
68
1627
115
230
230
1293
1716
1217
518
463
1475
1258
1182
1233
1771
1293
1555
1706
89
275
1768
268
268
276
861
1293
496
295
267
1508
1569
466
456
292
1250
1293
1629
1777
897
1553
606
896
464
1498
1616
1293
231
268
268
424
268
281
935
268
458
1293
231
1637
1482
1503
133
178
892
938
524
1293
268
1775
413
1569
1508
556
1569
268
268
1293
1235
1563
268
895
268
287
419
302
1563
1293
455
1526
1482
1653
1553
268
1681
1709
268
1293
408
1632
1588
1521
231
1519
824
460
1454
1293
1477
268
268
268
459
1561
287
578
268
1293
1479
1634
1493
897
1553
268
179
233
250
1293
268
1557
660
231
434
1553
437
268
268
1293
268
285
288
848
1645
269
268
268
268
1293
1705
268
295
261
806
781
790
1553
1553
1293
442
845
661
1187
268
460
1535
247
249
1293
736
724
546
820
1689
543
1778
877
368
1293
935
665
1776
541
686
548
567
871
721
1293
1753
750
1671
865
829
728
1641
1338
549
1293
734
729
1711
1749
960
746
923
548
547
1293
1699
842
625
542
268
848
1339
1781
705
1293
1129
1684
711
845
576
844
641
846
1245
1293
734
729
546
1680
816
839
879
544
488
1293
202
321
711
710
545
680
679
1380
1750
1293
1349
938
813
723
544
915
1642
780
848
1293
953
729
885
710
912
838
1356
1699
1702
1293
268
634
937
965
873
913
833
1333
937
1293
1222
212
1725
1652
731
551
1642
727
142
1293
954
1687
780
820
613
1741
814
1542
937
1293
714
842
717
364
897
935
564
200
655
1293
1336
1675
1236
1726
575
710
682
1610
545
1293
777
729
362
889
822
101
807
548
547
1293
1654
1795
717
836
897
1378
521
1782
1489
1293
120
474
209
1727
895
213
851
1484
221
1293
779
1369
783
880
99
854
1552
128
890
1293
916
666
720
116
545
494
1585
393
652
1293
1191
1161
859
154
696
550
459
1483
690
1293
734
653
1504
1750
377
583
855
118
548
1293
1583
586
1731
518
1569
257
530
1783
1499
1293
1718
1237
1671
909
1133
961
507
1207
1695
1293
561
717
507
577
1459
507
622
1700
1440
1293
749
838
456
519
222
897
454
420
66
1293
956
1707
540
1584
683
550
875
1505
1695
1293
568
406
741
118
1403
311
749
486
1747
1293
797
251
268
266
525
848
215
1537
279
1293
1821
557
1519
859
558
1544
1065
1483
726
1293
482
937
741
100
207
1651
1525
599
882
1293
559
888
184
414
1585
897
284
254
705
1293
1450
538
252
231
1553
684
447
1637
490
1293
1649
732
524
457
1460
514
268
898
287
1293
268
525
268
231
1553
205
234
1633
268
1293
1449
307
1503
225
500
268
268
208
278
1293
1551
268
268
220
1492
1597
868
232
270
1293
1637
945
268
268
184
275
268
872
853
1293
268
268
1527
1652
268
1553
1553
268
268
1293
283
1698
231
268
549
268
424
1522
513
1293
741
444
1553
268
268
268
235
184
426
1293
1132
1650
1508
1508
800
459
268
298
1511
1293
283
268
219
287
268
526
268
268
297
1293
231
9
1553
1566
466
592
268
236
262
1293
225
740
1656
1652
558
1503
1641
271
1531
1293
431
268
253
885
1638
268
487
268
1661
1293
268
445
1503
286
268
268
268
268
268
1293
1456
231
1623
1588
459
1578
265
160
662
1293
899
1298
1303
676
1739
1688
1372
689
1332
1293
685
1330
1328
93
1248
754
810
801
571
1293
1347
877
1679
627
718
879
716
745
942
1293
334
1363
693
705
640
1663
1667
1311
1755
1293
611
919
146
753
1704
1601
480
1307
152
1293
1581
1377
936
1320
711
1345
1496
1362
1677
1293
1769
837
1312
1682
398
907
1371
1679
1350
1293
497
654
535
750
1752
367
1697
1294
626
1293
1522
1725
677
1322
685
1611
572
1736
864
1293
711
645
1391
553
750
1686
1792
682
1732
1293
1354
198
694
1243
937
878
1308
1334
802
1293
1770
873
1683
1321
1687
917
1500
1360
842
1293
763
1742
1315
670
332
1785
847
499
832
1293
492
1166
1607
847
385
950
589
785
1346
1293
643
851
673
1352
842
681
718
1290
1678
1293
1208
839
651
784
640
537
849
392
831
1293
1043
1434
695
795
715
94
803
1433
1136
1293
642
738
1748
1491
1669
1611
1218
1211
1318
1293
1756
1299
1610
646
856
1793
796
498
1326
1293
313
396
1838
312
140
141
891
153
1345
1293
1461
1655
511
656
1754
935
716
948
788
1293
649
340
896
365
1188
933
857
1703
472
1293
587
585
515
850
220
523
501
54
1672
1293
1442
911
1506
824
719
937
910
846
750
1293
1427
1605
483
1712
502
707
214
751
405
1293
443
520
103
749
145
1512
1721
650
69
1293
1091
828
1068
1635
1654
806
1588
852
884
1293
775
825
288
696
105
1708
914
1284
57
1293
61
1457
1486
887
1553
295
258
1361
239
1293
1659
384
475
1480
548
730
883
1324
1565
1293
1713
1262
72
531
1569
257
206
529
831
1293
481
519
1563
449
594
248
243
1564
216
1293
1660
1563
284
1482
268
203
268
1563
864
1293
284
1263
896
299
1554
268
858
192
1464
1293
1044
507
147
1839
1563
295
258
737
86
1293
664
1553
1481
628
842
1348
268
268
1579
1293
1515
869
602
276
1253
1550
1536
314
1540
1293
194
394
241
1566
268
246
278
244
423
1293
525
1588
509
295
1586
422
256
268
268
1293
1547
1586
1717
295
1787
1519
268
241
310
1293
1574
97
268
293
268
304
1591
266
174
1293
1446
1585
1481
300
268
268
306
1728
268
1293
1644
527
896
231
67
268
268
477
579
1293
1646
253
291
268
287
1519
265
158
268
1293
1648
896
283
268
268
1616
1503
268
256
1293
1251
417
1631
276
266
276
193
268
268
1293
1553
280
439
245
295
268
1572
1539
1564
1293
915
284
268
1568
741
295
275
231
268
1293
719
565
1734
1458
712
703
1612
612
548
1293
476
1779
1692
757
1384
877
1313
818
1351
1293
1714
821
886
809
1366
944
400
817
60
1293
545
1364
166
751
551
812
1682
1247
819
1293
1335
491
617
708
1552
1682
1329
1383
1722
1293
1304
939
618
900
902
809
574
633
1751
1293
805
668
395
384
638
701
931
1690
841
1293
1335
903
1244
703
1673
1698
687
743
554
1293
1338
692
1184
892
569
210
904
1140
167
1293
747
851
827
555
631
727
685
1374
1662
1293
1508
1701
1693
1780
218
1438
905
1370
685
1293
532
1323
1740
1699
549
806
946
199
688
1293
562
1608
1530
1373
632
706
709
1319
624
1293
1647
908
1643
130
1439
1699
774
465
1149
1293
673
691
1738
936
1494
810
1297
1379
1295
1293
707
697
780
938
815
958
1185
811
55
1293
1070
1576
186
150
1559
190
1757
268
276
1293
1455
905
635
906
551
728
378
895
1089
1293
646
397
924
125
639
830
723
1314
549
1293
284
867
1568
588
1264
1110
149
268
1340
1293
1504
692
732
1305
151
126
732
386
1325
1293
1586
1504
1486
1784
896
131
709
1327
1639
1293
96
1569
268
295
1534
287
448
1213
485
1293
1285
533
62
211
1353
793
1130
778
657
1293
648
1462
1712
894
667
636
459
615
176
1293
407
489
671
708
242
597
268
268
268
1293
1664
1502
1655
654
510
1495
1520
629
1786
1293
1507
418
915
1617
860
1658
1265
1463
1367
1293
1560
1193
302
303
1488
268
240
305
268
1293
724
217
596
87
426
1497
791
390
921
1293
505
1150
268
1509
808
1300
429
570
1620
1293
952
268
295
268
268
268
302
302
182
1293
1447
1485
733
456
268
1561
388
1090
1570
1293
1566
284
268
288
350
637
1553
751
1772
1293
740
175
861
1577
289
1192
261
1478
293
1293
1640
512
217
451
525
478
1603
259
1466
1293
283
517
455
1553
268
268
268
268
268
1293
604
254
896
276
901
268
927
254
302
1293
459
1485
1575
459
268
462
870
268
426
1293
507
259
1583
507
268
268
1614
268
268
1293
1503
268
468
598
191
1508
441
798
1562
1293
1514
268
416
268
268
440
217
268
268
1293
268
277
268
268
294
431
268
288
268
1293
426
1465
288
469
658
268
1485
560
507
1293
1652
898
268
941
268
268
268
479
1566
1293
1553
1630
471
268
268
268
1553
268
268
1293
1589
1590
1634
282
1674
430
268
525
525
1293
1519
268
1624
268
268
268
268
268
265
1293
1822
1170
1143
1171
623
1436
1241
722
1219
1293
1148
1230
1368
1829
1141
1764
381
1404
1256
1293
70
371
1088
1396
164
1105
1097
1100
329
1293
1205
1400
1169
1604
1399
195
1423
1411
1232
1293
1316
1831
1238
1257
1228
1142
1277
380
1239
1293
1134
1066
971
1358
1429
1398
15
1280
764
1293
1172
1385
1144
1418
196
620
1386
929
1412
1293
53
1832
765
1291
1106
1394
1231
1796
1246
1293
1095
739
473
1363
1223
1424
1691
226
1240
1293
1443
1437
1168
770
1426
1413
619
1082
1402
1293
1096
766
156
1215
1209
1229
1833
621
1108
1293
1451
157
1431
969
324
268
1395
1194
1214
1293
1341
1401
1827
1798
1773
1592
201
1774
1799
1293
994
1268
1801
1216
1397
1102
922
949
1797
1293
1715
1435
1286
1405
970
1259
771
217
1242
1293
1202
1198
1422
1381
1274
951
1737
1653
1206
1293
1317
1767
1151
1260
1735
1098
1190
1375
1212
1293
1104
1830
165
127
1099
338
1306
410
155
1293
1359
1156
1173
1343
767
1270
1828
539
1729
1293
1226
702
1310
1410
1700
268
731
1101
1834
1293
1365
1448
308
1837
1224
768
268
1594
1337
1293
1657
1681
1281
1606
1496
610
932
1694
755
1293
943
1598
1758
1835
1488
1765
1200
672
744
1293
1532
962
1665
552
930
881
616
663
1709
1293
159
1344
566
674
1234
704
1528
1745
776
1293
161
581
925
1521
1103
804
495
1107
227
1293
1472
422
1836
1553
129
1501
761
268
843
1293
1656
669
1227
197
1518
1761
1204
863
461
1293
1376
1625
614
504
1288
458
162
607
876
1293
1505
1645
1473
1723
1189
1762
10
411
508
1293
1471
1687
1556
698
1675
828
859
1709
65
1293
1467
1569
821
713
1744
1720
268
1554
897
1293
457
862
452
823
563
268
1789
1513
591
1293
231
1563
1282
1637
1563
659
71
1553
1602
1293
1508
268
573
895
1558
741
459
794
758
1293
1469
1656
1583
926
1588
276
268
268
245
1293
409
505
1587
675
1676
422
1563
268
1518
1293
865
438
1636
259
1763
268
1517
1545
1512
1293
584
251
1593
301
284
268
1637
421
1628
1293
518
582
1517
1508
1553
1549
268
1553
1518
1293
1468
1553
884
268
268
1552
1516
1553
1474
1293
1635
1626
834
823
275
1711
608
281
217
1293
415
1569
431
231
455
1760
1646
1569
268
1293
1470
1636
450
1552
1724
1518
1523
268
1553
1293
459
1452
1615
1569
1650
1710
217
325
268
1293
284
563
742
1553
1648
1720
260
1553
1529
1293
630
254
268
1521
1519
1569
421
237
268
1293
1635
1646
835
459
268
268
250
752
268
