1001
1393
723
1355
1356
1395
702
1361
1369
1362
1001
717
802
31
749
725
378
22
83
80
1001
833
1400
869
713
1396
1
284
286
767
1001
797
839
733
718
1358
1397
1367
1359
710
1001
734
35
33
173
82
38
738
737
113
1001
1394
268
726
285
694
711
743
801
706
1001
1363
719
1398
848
720
1370
1376
796
1360
1001
2
747
735
727
40
41
731
42
736
1001
695
704
287
724
775
778
769
698
288
1001
1364
1371
750
1366
1373
1357
793
1365
1368
1001
403
36
7
5
447
744
362
25
43
1001
730
849
728
699
784
34
696
709
746
1001
1399
1353
1372
256
269
732
289
729
794
1001
774
32
37
44
24
278
84
232
26
1001
1119
11
785
6
776
721
707
715
745
1001
840
3
4
1100
700
795
781
714
110
1001
759
350
27
748
177
175
393
230
173
1001
705
697
740
782
290
859
786
56
708
1001
233
230
233
52
291
1377
722
230
230
1001
1123
378
586
280
392
81
230
365
232
1001
74
741
783
85
777
230
703
701
206
1001
305
1040
299
233
233
230
230
110
860
1001
620
39
232
211
8
173
176
95
161
1001
867
742
116
712
232
770
365
768
560
1001
551
526
1004
492
331
259
118
230
260
1001
1287
451
232
272
17
230
231
101
230
1001
831
111
679
1182
982
1247
686
1053
799
1001
548
857
571
916
1281
117
995
685
631
1001
296
574
393
393
279
230
393
171
230
1001
1169
879
494
625
803
1055
226
1035
579
1001
670
543
1015
663
208
633
1176
359
632
1001
232
456
324
49
457
230
163
126
103
1001
1177
1203
620
1306
601
357
576
207
533
1001
537
621
1250
1252
1135
1265
205
208
213
1001
365
378
1219
1235
117
358
230
242
232
1001
981
662
1176
1275
527
230
1222
399
230
1001
463
230
393
366
661
1181
230
223
232
1001
230
1177
1198
171
230
233
192
230
231
1001
1180
397
378
362
1273
1298
460
575
1200
1001
1214
378
1167
1253
230
230
232
232
1223
1001
230
1212
230
230
173
232
165
230
349
1001
232
362
661
1202
402
230
230
362
362
1001
1010
213
1250
350
365
227
230
233
230
1001
230
114
230
563
230
1205
261
164
230
1001
544
564
350
1322
162
362
360
230
1223
1001
1166
512
230
230
232
223
208
1222
230
1001
351
571
329
1205
172
350
230
210
1205
1001
1222
539
1294
1236
922
1205
230
230
230
1001
314
12
1110
1111
106
816
106
814
315
1001
917
319
320
50
51
760
292
129
897
1001
73
757
758
1099
754
875
59
689
771
1001
79
47
45
805
807
1112
46
276
815
1001
751
791
844
131
128
1121
772
773
131
1001
764
251
835
899
876
135
901
140
306
1001
752
1105
19
48
266
90
263
1082
77
1001
688
834
886
841
842
846
1107
900
809
1001
847
836
28
837
1085
756
250
91
905
1001
98
21
808
76
1116
264
806
105
105
1001
976
845
1132
318
108
889
130
13
763
1001
1291
884
885
861
294
677
350
230
930
1001
16
231
107
20
281
109
18
78
985
1001
321
838
918
868
779
843
327
58
14
1001
302
887
938
30
29
270
755
23
1210
1001
1108
1378
789
1000
160
800
983
1106
274
1001
874
1213
309
1084
647
128
753
739
303
1001
880
1079
1097
248
898
882
1343
1074
282
1001
877
75
1347
230
136
275
896
330
1303
1001
307
308
359
761
350
986
1210
293
903
1001
1379
780
252
939
253
405
620
1080
1190
1001
881
1221
230
88
230
552
277
681
230
1001
798
1081
762
411
554
232
348
902
348
1001
255
943
1009
971
977
249
236
979
988
1001
439
989
1275
92
233
1314
967
339
1213
1001
1344
1244
413
1195
1212
356
155
332
1069
1001
1162
1098
502
920
1316
311
1167
908
690
1001
112
384
1291
997
610
924
236
230
649
1001
63
64
853
1231
1143
459
212
1210
169
1001
965
1136
1042
1180
657
1326
1341
1232
992
1001
230
967
618
449
1222
218
966
393
230
1001
850
348
637
1210
68
1256
112
212
212
1001
1297
937
401
362
1161
969
904
951
1329
1001
1206
1291
89
232
1328
230
230
232
619
1001
386
233
230
1177
1212
365
360
233
965
1001
1256
1331
634
1205
460
634
363
1173
1249
1001
213
230
230
348
230
232
661
230
361
1001
213
1259
1166
1176
127
169
633
662
403
1001
230
1331
340
1212
1177
424
1212
230
230
1001
952
1210
230
634
230
232
345
236
1210
1001
360
1184
1166
1266
1205
230
1279
1293
230
1001
336
1258
1225
1181
213
1180
600
362
1144
1001
1163
230
230
230
362
1209
232
438
230
1001
1165
1259
1170
634
1205
230
170
214
225
1001
230
1207
502
213
350
1205
352
230
230
1001
230
232
232
611
1264
230
230
230
230
1001
1291
230
233
230
591
571
577
1205
1205
1001
355
611
502
908
230
362
1192
224
224
1001
539
536
421
599
1283
419
1332
628
301
1001
661
505
1331
418
517
421
429
624
536
1001
1320
544
1276
621
604
538
1262
1040
421
1001
539
538
1294
1317
682
543
652
421
421
1001
1288
610
479
418
230
611
1040
1334
531
1001
851
1280
533
611
436
610
489
611
962
1001
539
538
421
1279
596
609
628
420
379
1001
190
254
533
533
420
514
513
1072
1318
1001
1048
662
594
536
420
645
1262
571
611
1001
676
538
631
533
643
609
1054
1288
1290
1001
230
486
661
687
625
643
607
1037
661
1001
940
199
1300
1266
538
422
1262
538
134
1001
676
1283
571
599
467
1312
594
1199
661
1001
534
610
535
297
634
661
427
188
498
1001
1039
1278
953
1300
435
533
515
1245
420
1001
568
538
295
632
599
100
591
421
421
1001
1266
1348
535
609
634
1070
401
1335
1168
1001
115
370
197
1300
634
200
613
1167
205
1001
570
1062
572
628
99
614
1205
122
632
1001
645
505
535
112
420
384
1223
322
497
1001
912
883
618
146
524
421
362
1166
520
1001
539
497
1176
1318
310
441
615
114
421
1001
1222
443
1304
401
1212
229
407
1336
1173
1001
1297
954
1276
641
855
683
393
927
1287
1001
425
535
393
437
1147
393
476
1289
1131
1001
544
609
360
401
205
634
359
345
66
1001
678
1292
417
1222
515
421
626
1176
1287
1001
430
334
541
114
1094
244
544
379
1316
1001
584
225
230
230
403
611
202
1194
232
1001
1374
424
1180
618
425
1200
787
1166
537
1001
376
661
541
99
195
1265
1183
455
630
1001
425
631
173
340
1223
634
232
226
531
1001
1140
415
225
213
1205
516
357
1259
381
1001
1265
538
403
360
1148
397
230
634
232
1001
230
403
230
213
1205
193
215
1258
230
1001
1139
240
1176
208
390
230
230
196
232
1001
1205
230
230
205
1169
1233
621
213
230
1001
1259
668
230
230
173
232
230
624
613
1001
230
230
1185
1266
230
1205
1205
230
230
1001
232
1288
213
230
421
230
348
1181
396
1001
541
356
1205
230
230
230
215
173
348
1001
854
1265
1177
1177
587
362
230
234
1177
1001
232
230
205
232
230
403
230
230
233
1001
213
9
1205
1212
365
448
230
216
230
1001
208
541
1267
1266
425
1176
1262
230
1188
1001
350
230
226
631
1260
230
379
230
1269
1001
230
356
1176
232
230
230
230
230
230
1001
1146
213
1254
1225
362
1219
230
152
503
1001
635
1006
1011
511
1311
1283
1065
519
1036
1001
517
1034
1032
93
964
546
592
588
432
1001
1046
628
1279
480
535
628
535
542
665
1001
267
1059
522
531
489
1270
1274
1017
1321
1001
465
648
138
545
1290
1237
374
1014
144
1001
1222
1069
661
1025
533
1044
1172
1058
1278
1001
1328
609
1018
1279
326
639
1064
1279
1049
1001
387
498
412
544
1319
300
1287
1002
479
1001
1181
1300
511
1026
517
1246
432
1308
620
1001
533
493
1083
423
544
1282
1345
515
1305
1001
1052
186
523
960
661
628
1014
1038
588
1001
1328
625
1279
1025
1283
646
1174
1058
610
1001
555
1313
1021
508
265
1338
611
389
606
1001
383
888
1243
611
316
673
446
573
1045
1001
491
613
510
1051
610
514
535
998
1278
1001
928
609
496
572
489
414
612
321
606
1001
765
1125
523
582
534
94
589
1124
858
1001
490
540
1316
1169
1275
1246
938
931
1024
1001
1321
1007
1245
494
616
1346
583
388
1030
1001
246
324
1391
245
132
133
632
145
1044
1001
1149
1266
396
498
1320
661
535
671
575
1001
495
273
634
298
909
660
617
1290
368
1001
444
442
398
612
205
402
390
54
1276
1001
1133
642
1176
600
535
661
641
611
544
1001
1118
1241
377
1294
391
532
201
544
333
1001
355
401
102
544
137
1178
1299
495
69
1001
813
603
790
1259
1266
591
1225
613
631
1001
566
600
232
524
104
1292
644
992
57
1001
61
1146
1167
631
1205
233
229
1058
219
1001
1268
316
370
1165
421
538
630
1028
1211
1001
1294
972
72
408
1212
229
194
406
606
1001
375
401
1210
358
450
224
222
1210
203
1001
1268
1210
232
1166
230
191
230
1210
620
1001
232
973
634
235
1206
230
617
180
1152
1001
766
393
139
1392
1210
233
229
539
86
1001
504
1205
1166
481
610
1047
230
230
1220
1001
1179
622
458
232
966
1204
1193
247
1197
1001
182
323
221
1212
230
223
232
222
347
1001
403
1225
394
233
1223
346
228
230
230
1001
1202
1223
1297
233
1340
1180
230
221
243
1001
1215
97
230
233
230
237
1227
230
166
1001
1137
1223
1166
235
230
230
239
1301
230
1001
1263
404
634
213
67
230
230
372
438
1001
1265
226
232
230
232
1180
230
150
230
1001
1265
634
232
230
230
1249
1176
230
228
1001
965
343
1257
232
230
232
181
230
230
1001
1205
232
353
223
233
230
1213
1196
1210
1001
645
232
230
1212
541
233
232
213
230
1001
535
428
1306
1146
533
530
1246
466
421
1001
371
1332
1285
549
1076
628
1019
598
1050
1001
1295
599
631
592
1059
667
328
597
60
1001
420
1059
158
544
422
593
1279
963
598
1001
1039
382
471
532
1205
1279
1033
1075
1299
1001
1012
662
472
636
637
592
434
485
1318
1001
590
506
324
316
488
528
660
1284
610
1001
1039
637
961
530
1277
1288
518
542
423
1001
1040
522
906
633
431
198
637
862
159
1001
543
613
602
423
484
538
517
1067
1269
1001
1177
1289
1285
1333
204
1129
638
1063
517
1001
409
1027
1311
1288
421
591
669
187
518
1001
426
1243
1187
1066
484
531
533
1024
478
1001
1265
640
1262
124
1130
1288
565
364
871
1001
510
521
1310
661
1171
592
1005
1071
1003
1001
532
524
571
662
595
680
907
592
55
1001
792
1217
174
142
1209
178
1321
230
232
1001
1145
638
486
638
422
538
310
634
811
1001
494
325
653
119
488
605
536
1020
421
1001
232
621
1212
445
974
832
141
230
1041
1001
1176
522
538
1013
143
120
538
317
1029
1001
1223
1176
1167
1337
634
125
533
1031
1261
1001
96
1212
230
233
1191
232
357
933
378
1001
993
410
62
198
1051
580
852
569
499
1001
494
1150
1294
633
505
487
362
469
168
1001
335
380
508
532
221
453
230
230
230
1001
1271
1175
1266
498
395
1171
1180
482
1339
1001
1176
344
645
1249
618
1267
975
1151
1060
1001
1209
914
236
236
1168
230
220
238
230
1001
536
204
452
87
348
1172
578
319
650
1001
393
872
230
1177
591
1008
349
431
1251
1001
675
230
233
230
230
230
236
236
171
1001
1138
1167
538
360
230
1209
318
812
1213
1001
1212
232
230
232
283
487
1205
544
1329
1001
541
167
619
1218
232
913
230
1164
233
1001
1261
396
204
358
403
372
1239
229
1154
1001
232
400
360
1205
230
230
230
230
230
1001
459
226
634
232
637
230
656
226
236
1001
362
1167
1216
362
230
362
623
230
348
1001
393
229
1222
393
230
230
1248
230
230
1001
1176
230
365
454
179
1177
354
585
1209
1001
1178
230
342
230
230
353
204
230
230
1001
230
232
230
230
233
350
230
232
230
1001
348
1153
232
365
500
230
1167
425
393
1001
1266
634
230
664
230
230
230
373
1212
1001
1205
1256
367
230
230
230
1205
230
230
1001
1225
1226
1259
232
1277
349
230
403
403
1001
1180
230
1254
230
230
230
230
230
230
1001
1375
892
865
893
477
1127
958
536
938
1001
870
948
1061
1382
863
1325
313
1095
968
1001
70
304
810
1088
156
827
819
822
262
1001
926
1091
891
1240
1090
183
1114
1102
950
1001
1022
1384
955
968
946
864
987
312
956
1001
856
788
693
1056
1120
1089
15
990
556
1001
894
1077
866
1109
184
474
1078
658
1103
1001
53
1385
557
999
828
1086
949
1349
962
1001
817
540
369
1059
941
1115
1284
208
957
1001
1134
1128
890
561
1117
1104
473
804
1093
1001
818
558
148
935
929
947
1386
475
830
1001
1141
149
1122
691
257
230
1087
915
934
1001
1041
1092
1380
1351
1329
1228
189
1330
1352
1001
716
978
1354
936
1088
824
651
672
1350
1001
1296
1126
994
1096
692
969
562
204
959
1001
923
919
1113
1073
984
674
1309
1266
926
1001
1023
1327
873
970
1307
820
911
1068
932
1001
826
1383
157
121
821
271
1013
338
147
1001
1057
878
895
1042
559
980
1381
416
1302
1001
944
529
1016
1101
1289
230
538
823
1387
1001
1059
1138
241
1390
942
559
230
1230
1039
1001
1267
1279
991
1242
1172
464
660
1286
547
1001
666
1234
1321
1388
1168
1325
921
509
542
1001
1189
684
1272
422
659
629
470
503
1293
1001
151
1043
428
510
951
530
1185
1315
567
1001
153
440
654
1181
825
589
385
829
209
1001
1158
346
1389
1205
123
1174
553
230
610
1001
1267
507
945
185
1180
1322
925
620
362
1001
1069
1255
468
392
996
361
154
461
627
1001
1176
1264
1159
1300
910
1323
10
338
393
1001
1157
1283
1206
525
1278
603
618
1293
65
1001
1155
1212
599
533
1314
1299
230
1206
634
1001
360
619
359
600
427
230
1342
1178
447
1001
213
1210
991
1259
1210
501
71
1205
1238
1001
1177
230
433
634
1208
541
362
581
550
1001
1156
1267
1222
655
1225
232
230
230
223
1001
337
393
1224
510
1278
346
1210
230
1180
1001
621
352
1259
229
1324
230
1180
1201
1178
1001
441
225
1229
236
232
230
1259
346
1256
1001
401
440
1180
1177
1205
1203
230
1205
1180
1001
1155
1205
631
230
230
1205
1180
1205
1160
1001
1259
1255
607
600
232
1294
462
232
204
1001
341
1212
350
213
360
1322
1265
1212
230
1001
1156
1259
358
1205
1300
1180
1181
230
1205
1001
362
1142
1248
1212
1265
1293
204
258
230
1001
232
427
541
1205
1265
1299
229
1205
1186
1001
483
226
230
1181
1180
1212
346
217
230
1001
1259
1265
608
362
230
230
225
544
230
