779
1041
532
1003
1004
1043
511
1009
1017
1010
779
526
610
31
557
534
313
22
83
80
779
641
1048
677
522
1044
1
245
247
575
779
605
647
542
527
1006
1045
1015
1007
519
779
543
35
33
160
82
38
547
546
110
779
1042
230
535
246
503
520
551
609
515
779
1011
528
1046
656
529
1018
1024
604
1008
779
2
555
544
536
40
41
540
42
545
779
504
513
248
533
583
586
577
507
249
779
1012
1019
558
1014
1021
1005
601
1013
1016
779
325
36
7
5
355
552
302
25
43
779
539
657
537
508
592
34
505
518
554
779
1047
1001
1020
218
231
541
250
538
602
779
582
32
37
44
24
239
84
199
26
779
867
11
593
6
584
530
516
524
553
779
648
3
4
848
509
603
589
523
108
779
567
298
27
556
162
161
322
199
160
779
514
506
549
590
251
667
594
56
517
779
199
199
199
52
252
1025
531
199
199
779
871
313
438
241
322
81
199
304
199
779
74
549
591
85
585
199
512
510
189
779
266
806
260
199
199
199
199
108
668
779
451
39
199
191
8
160
161
95
149
779
675
550
111
521
199
578
304
576
421
779
417
406
781
392
286
221
112
199
222
779
964
358
199
234
17
199
199
100
199
779
639
109
488
909
765
948
495
812
607
779
415
665
429
722
961
112
775
494
458
779
257
430
322
322
240
199
322
159
199
779
904
687
393
455
611
814
199
803
432
779
479
413
789
474
190
458
907
302
458
779
199
362
281
49
363
199
151
120
102
779
907
922
451
971
445
302
431
189
409
779
411
452
950
951
883
956
189
190
192
779
304
313
928
939
112
302
199
204
199
779
764
474
907
960
407
199
929
324
199
779
368
199
322
304
474
908
199
198
199
779
199
907
921
159
199
199
177
199
199
779
908
323
313
302
959
967
365
431
922
779
926
313
903
951
199
199
199
199
929
779
199
926
199
199
160
199
153
199
298
779
199
302
474
922
325
199
199
302
302
779
786
192
950
298
304
199
199
199
199
779
199
111
199
424
199
924
223
152
199
779
413
425
298
978
150
302
302
199
929
779
903
400
199
199
199
198
190
929
199
779
299
429
284
924
159
298
199
190
924
779
929
412
965
940
726
924
199
199
199
779
275
12
858
859
104
624
104
622
276
779
723
278
279
50
51
568
253
122
704
779
73
565
566
847
562
683
59
498
579
779
79
47
45
613
615
860
46
237
623
779
559
599
652
123
122
869
580
581
123
779
572
213
643
706
684
125
708
129
267
779
560
853
19
48
228
90
225
832
77
779
497
642
693
649
650
654
855
707
617
779
655
644
28
645
835
564
212
91
712
779
97
21
616
76
864
226
614
104
104
779
760
653
880
278
106
696
122
13
571
779
965
691
692
669
255
486
298
199
732
779
16
199
105
20
242
107
18
78
768
779
280
646
723
676
587
651
283
58
14
779
263
694
739
30
29
232
563
23
925
779
856
1026
597
778
148
608
766
854
236
779
682
926
270
834
462
122
561
548
264
779
687
829
845
210
705
689
991
824
243
779
685
75
995
199
126
236
703
285
969
779
268
269
302
569
298
769
925
254
710
779
1027
588
214
739
215
326
451
830
914
779
688
928
199
88
199
418
238
490
199
779
606
831
570
332
419
199
298
709
298
779
217
742
785
755
761
211
200
763
771
779
348
771
960
92
199
974
753
293
926
779
992
947
334
919
926
301
143
287
821
779
901
846
397
725
975
272
903
715
499
779
110
318
965
776
449
728
200
199
464
779
63
64
661
935
889
365
192
925
157
779
753
883
807
908
471
980
989
936
772
779
199
753
451
356
929
196
753
322
199
779
658
298
460
925
68
953
110
192
192
779
967
738
325
302
900
754
711
745
981
779
924
965
89
199
981
199
199
199
451
779
319
199
199
907
926
304
302
199
753
779
953
982
458
924
365
458
303
905
949
779
192
199
199
298
199
199
474
199
302
779
192
954
903
907
121
157
458
474
325
779
199
982
294
926
907
340
926
199
199
779
745
925
199
458
199
199
298
200
925
779
302
910
903
956
924
199
960
965
199
779
291
954
930
908
192
908
444
302
890
779
902
199
199
199
302
925
199
348
199
779
903
954
904
458
924
199
158
193
199
779
199
924
397
192
298
924
300
199
199
779
199
199
199
449
956
199
199
199
199
779
965
199
199
199
441
429
431
924
924
779
301
449
397
715
199
302
916
199
199
779
412
410
339
443
962
338
982
457
262
779
474
398
982
338
403
339
341
454
410
779
977
413
960
452
446
411
955
806
339
779
412
411
965
975
491
413
467
339
339
779
964
449
383
338
199
449
806
984
409
779
659
960
409
449
347
449
390
449
752
779
412
411
339
960
443
449
457
339
313
779
175
216
409
409
339
402
401
822
976
779
810
474
442
410
339
461
955
429
449
779
485
411
458
409
461
449
813
964
964
779
199
389
474
496
455
461
448
804
474
779
740
184
968
956
411
339
955
411
124
779
485
962
429
443
372
973
442
921
474
779
410
449
410
258
458
474
341
173
395
779
806
960
746
968
346
409
402
948
339
779
428
411
256
458
443
99
441
339
339
779
956
996
410
449
458
821
325
984
904
779
111
307
182
968
458
185
450
903
189
779
428
817
429
457
98
450
924
116
458
779
461
398
410
110
339
318
929
280
394
779
718
690
451
135
405
339
302
903
404
779
412
394
907
976
271
349
451
111
339
779
929
351
970
325
926
199
328
985
905
779
967
746
960
461
663
492
322
729
964
779
340
410
322
347
892
322
381
964
879
779
413
449
302
325
189
458
302
298
66
779
487
965
337
929
402
339
455
907
964
779
342
289
412
111
842
206
413
313
975
779
437
199
199
199
325
449
187
918
199
779
1022
340
908
451
340
922
595
903
411
779
311
474
412
98
180
956
909
361
458
779
340
458
160
294
929
458
199
199
409
779
886
336
199
192
924
402
302
954
315
779
956
411
325
302
892
323
199
458
199
779
199
325
199
192
924
178
194
954
199
779
885
202
907
190
321
199
199
181
199
779
924
199
199
189
904
937
452
192
199
779
954
477
199
199
160
199
199
454
450
779
199
199
911
956
199
924
924
199
199
779
199
964
192
199
339
199
298
908
323
779
412
301
924
199
199
199
194
160
298
779
662
956
907
907
438
302
199
199
907
779
199
199
189
199
199
325
199
199
199
779
192
9
924
926
304
355
199
194
199
779
190
412
956
956
340
907
955
199
913
779
298
199
199
458
954
199
313
199
957
779
199
301
907
199
199
199
199
199
199
779
892
192
952
930
302
928
199
140
397
779
459
783
787
400
973
962
819
403
803
779
403
802
801
93
752
414
441
439
344
779
809
457
960
384
410
457
410
413
475
779
229
815
404
409
390
957
959
790
977
779
370
463
128
413
964
941
309
789
133
779
929
821
474
796
409
808
905
815
960
779
981
449
790
960
282
460
818
960
811
779
320
395
333
413
976
261
964
780
383
779
908
968
400
796
403
948
344
972
451
779
409
392
833
339
413
961
993
402
970
779
811
171
404
751
474
457
789
805
439
779
981
455
960
796
962
461
906
815
449
779
419
973
792
399
227
987
449
320
448
779
317
695
947
449
277
482
354
429
808
779
391
450
400
811
449
402
410
777
960
779
730
449
393
429
390
335
449
280
448
779
573
873
404
435
410
94
439
872
666
779
390
412
975
904
960
948
739
733
795
779
977
783
948
393
451
994
436
320
799
779
208
281
1039
207
123
123
458
134
808
779
893
956
323
395
977
474
410
480
431
779
393
235
458
259
715
474
451
964
305
779
352
350
323
449
189
325
321
54
960
779
881
461
907
444
410
474
461
449
413
779
866
945
312
965
321
409
186
413
288
779
301
325
101
413
127
908
968
393
69
779
621
446
598
954
956
441
930
450
458
779
427
444
199
405
103
965
461
772
57
779
61
892
903
458
924
199
199
815
196
779
956
277
307
903
339
411
458
797
925
779
965
756
72
329
926
199
179
327
448
779
310
325
925
302
357
199
198
925
187
779
956
925
199
903
199
176
199
925
451
779
199
757
458
200
924
199
451
165
896
779
574
322
128
1040
925
199
199
412
86
779
397
924
903
384
449
809
199
199
928
779
908
452
364
199
753
923
917
209
920
779
167
280
198
926
199
198
199
198
298
779
325
930
323
199
929
298
199
199
199
779
922
929
967
199
988
908
199
198
205
779
926
96
199
199
199
200
931
199
154
779
883
929
903
200
199
199
201
969
199
779
955
325
458
192
67
199
199
308
348
779
956
199
199
199
199
908
199
139
199
779
956
458
199
199
199
949
907
199
199
779
753
297
953
199
199
199
166
199
199
779
924
199
300
198
199
199
926
919
925
779
461
199
199
926
412
199
199
192
199
779
410
341
971
892
409
409
948
371
339
779
307
982
963
416
826
457
791
443
811
779
966
443
458
441
815
476
283
443
60
779
339
815
146
413
339
441
960
752
443
779
806
316
376
409
924
960
801
825
968
779
787
474
377
459
460
441
345
388
976
779
440
398
281
277
390
408
474
962
449
779
806
460
751
409
960
964
403
413
339
779
806
404
713
458
343
183
460
670
147
779
413
450
445
339
387
411
403
820
957
779
907
964
963
983
188
877
460
817
403
779
330
796
973
964
339
441
478
172
403
779
340
947
912
819
387
409
409
795
382
779
956
460
955
118
878
964
426
303
679
779
400
404
972
474
905
441
782
821
780
779
409
405
429
474
442
489
714
441
55
779
600
927
160
131
925
163
977
199
199
779
891
460
389
460
339
411
271
458
619
779
393
281
467
113
390
447
410
791
339
779
199
452
926
353
758
640
130
199
806
779
907
404
411
788
132
114
411
277
798
779
929
907
903
986
458
119
409
800
955
779
95
926
199
199
915
199
302
735
313
779
773
331
62
183
811
433
660
428
395
779
393
894
965
458
398
389
302
374
156
779
290
314
399
409
198
360
199
199
199
779
957
906
956
395
323
905
908
385
987
779
907
297
461
949
451
956
759
895
816
779
925
720
200
200
904
199
197
200
199
779
410
188
359
87
298
905
431
278
465
779
322
680
199
907
441
784
298
343
950
779
484
199
199
199
199
199
200
200
159
779
884
903
411
302
199
925
278
620
926
779
926
199
199
199
244
389
924
413
981
779
412
155
451
927
199
719
199
902
199
779
955
323
188
302
325
308
943
199
897
779
199
324
302
924
199
199
199
199
199
779
365
199
458
199
460
199
470
199
200
779
302
903
926
302
199
302
453
199
298
779
322
199
929
322
199
199
949
199
199
779
907
199
304
360
164
907
300
437
925
779
908
199
296
199
199
300
188
199
199
779
199
199
199
199
199
298
199
199
199
779
298
896
199
304
396
199
903
340
322
779
956
458
199
474
199
199
199
308
926
779
924
953
304
199
199
199
924
199
199
779
930
930
954
199
960
298
199
325
325
779
908
199
952
199
199
199
199
199
199
779
1023
699
673
700
381
875
749
410
739
779
678
744
816
1030
671
980
274
843
754
779
70
265
618
837
144
635
627
630
224
779
729
839
698
944
838
168
862
850
744
779
793
1032
747
754
744
672
770
273
748
779
664
596
502
814
868
837
15
771
420
779
701
827
674
857
169
379
828
472
851
779
53
1033
420
777
636
836
744
997
752
779
625
412
306
815
741
863
962
190
748
779
882
876
697
422
865
852
378
612
841
779
626
420
137
737
731
744
1034
380
638
779
887
138
870
500
219
199
836
721
736
779
806
840
1028
999
981
932
174
981
1000
779
525
762
1002
737
837
632
466
481
998
779
966
874
774
844
501
754
423
188
750
779
727
724
861
823
767
483
972
956
729
779
794
980
681
754
971
628
717
820
734
779
634
1031
145
115
629
233
788
293
136
779
814
686
702
807
421
763
1029
336
969
779
742
408
789
849
964
199
411
631
1035
779
815
884
203
1038
741
421
199
934
806
779
956
960
772
946
905
369
474
963
414
779
475
938
977
1036
904
980
725
399
413
779
913
493
958
339
473
457
375
397
965
779
139
807
341
400
745
409
911
974
427
779
141
349
468
908
633
439
318
637
190
779
899
298
1037
924
117
906
418
199
449
779
956
398
743
170
908
978
728
451
302
779
821
952
373
322
775
302
142
366
456
779
907
956
900
968
716
978
10
293
322
779
898
962
924
405
960
446
451
965
65
779
898
926
443
409
974
968
199
924
458
779
302
451
302
444
341
199
990
908
355
779
192
925
772
954
925
396
71
924
942
779
907
199
344
458
924
412
302
434
416
779
898
956
929
469
930
199
199
199
198
779
292
322
929
400
960
298
925
199
908
779
452
300
954
199
979
199
908
922
908
779
349
199
933
200
199
199
954
298
953
779
325
349
908
907
924
922
199
924
908
779
898
924
458
199
199
924
908
924
900
779
954
952
448
444
199
965
367
199
188
779
295
926
298
192
302
978
956
926
199
779
898
954
302
924
968
908
908
199
924
779
302
888
949
926
956
965
188
220
199
779
199
341
412
924
956
968
199
924
911
779
386
199
199
908
908
926
298
195
199
779
954
956
448
302
199
199
199
413
199
