633
823
415
786
787
825
395
791
799
792
633
409
488
31
436
416
267
22
82
80
633
518
830
553
405
826
1
211
213
453
633
483
524
422
410
789
827
797
790
402
633
423
35
33
147
81
38
427
426
106
633
824
196
416
212
387
403
430
487
398
633
793
411
828
532
412
800
806
482
790
633
2
434
424
417
40
41
421
42
425
633
388
397
214
415
461
464
455
391
215
633
794
801
437
796
803
788
479
795
798
633
272
36
7
5
291
431
261
25
43
633
420
533
418
392
470
34
389
401
433
633
829
784
802
185
197
421
216
419
480
633
460
32
37
44
24
205
83
172
26
633
695
11
471
6
462
413
399
407
432
633
525
3
4
678
393
481
467
406
105
633
445
259
27
435
148
147
271
172
147
633
397
390
429
468
217
543
472
56
400
633
172
172
172
52
218
807
414
172
172
633
699
267
343
207
271
80
172
261
172
633
74
429
469
84
463
172
396
394
169
633
232
650
226
172
172
172
172
105
544
633
349
39
172
170
8
147
147
93
137
633
551
429
106
404
172
456
261
454
330
633
327
323
635
316
249
188
107
172
189
633
759
292
172
200
17
172
172
97
172
633
516
105
374
728
623
753
380
652
485
633
326
541
337
595
758
107
631
379
351
633
223
338
271
271
206
172
271
146
172
633
727
563
316
350
489
654
172
648
339
633
367
325
639
364
170
351
728
261
351
633
172
296
245
49
297
172
139
112
99
633
728
737
349
763
346
261
339
169
325
633
325
349
754
754
711
756
169
170
171
633
261
267
740
748
107
261
172
174
172
633
622
364
728
758
323
172
740
272
172
633
300
172
271
261
364
728
172
172
172
633
172
728
736
146
172
172
160
172
172
633
728
272
267
261
758
761
298
339
737
633
738
267
726
754
172
172
172
172
740
633
172
738
172
172
147
172
141
172
259
633
172
261
364
737
272
172
172
261
261
633
638
171
754
259
261
172
172
172
172
633
172
106
172
333
172
738
190
140
172
633
325
334
259
766
138
261
261
172
740
633
726
319
172
172
172
172
170
740
172
633
259
337
247
738
146
259
172
170
738
633
740
325
759
749
598
738
172
172
172
633
241
12
688
688
101
502
101
500
242
633
596
243
244
50
51
446
219
114
579
633
73
443
444
677
441
559
59
383
457
633
79
47
45
491
493
689
46
203
501
633
438
477
528
115
114
697
458
459
115
633
450
181
520
581
560
117
583
120
233
633
439
683
19
48
194
88
192
666
77
633
382
519
568
526
526
530
685
582
495
633
531
521
28
522
668
442
180
89
587
633
95
21
494
76
692
192
492
101
101
633
620
529
708
243
103
571
114
13
449
633
759
567
567
545
221
372
259
172
602
633
16
172
102
20
208
104
18
78
626
633
245
523
596
552
465
527
246
58
14
633
229
569
605
30
29
198
441
23
738
633
686
808
475
632
136
486
624
684
202
633
558
738
236
667
353
114
440
428
230
633
563
664
675
180
580
565
774
660
209
633
561
75
778
172
118
202
578
248
762
633
234
235
261
447
259
627
738
220
585
633
809
466
181
605
182
273
349
665
730
633
564
740
172
87
172
328
204
375
172
633
484
665
448
277
329
172
259
584
259
633
184
608
637
616
621
180
172
622
629
633
286
629
758
90
172
765
615
255
738
633
775
753
279
734
738
261
131
250
657
633
725
676
318
598
765
238
726
590
384
633
106
270
759
631
348
600
172
172
355
633
63
64
537
745
716
298
171
738
145
633
615
711
650
728
361
767
772
745
630
633
172
615
349
291
740
172
615
271
172
633
534
259
352
738
68
754
106
171
171
633
761
604
272
261
725
615
586
611
767
633
738
759
87
172
767
172
172
172
349
633
270
172
172
728
738
261
261
172
615
633
754
767
351
738
298
351
261
727
754
633
171
172
172
259
172
172
364
172
261
633
171
755
726
728
113
145
351
364
272
633
172
767
256
738
728
282
738
172
172
633
611
738
172
351
172
172
259
172
738
633
261
728
726
756
738
172
758
759
172
633
254
755
740
728
171
728
346
261
717
633
726
172
172
172
261
738
172
286
172
633
726
755
727
351
738
172
145
171
172
633
172
738
318
171
259
738
260
172
172
633
172
172
172
348
756
172
172
172
172
633
759
172
172
172
345
337
339
738
738
633
261
348
318
590
172
261
732
172
172
633
325
325
282
345
758
282
767
351
228
633
364
319
767
282
321
282
282
350
325
633
765
325
758
349
347
325
756
650
282
633
325
325
759
765
376
325
358
282
282
633
759
348
310
282
172
348
650
768
325
633
535
758
325
348
286
348
314
348
614
633
325
325
282
758
345
348
351
282
267
633
158
183
325
325
282
321
320
658
765
633
651
364
345
325
282
352
756
337
348
633
372
325
351
325
352
348
653
759
759
633
172
314
364
381
350
352
348
649
364
633
606
165
761
756
325
282
756
325
116
633
372
758
337
345
304
764
345
736
364
633
325
348
325
224
351
364
282
156
317
633
650
758
612
761
285
325
321
753
282
633
337
325
222
351
345
96
345
282
282
633
756
779
325
348
351
657
272
768
727
633
106
263
164
761
351
166
348
726
169
633
337
655
337
351
96
348
738
108
351
633
352
319
325
106
282
270
740
245
317
633
593
566
349
126
322
282
261
726
322
633
325
317
728
765
237
286
349
106
282
633
740
288
763
272
738
172
274
768
727
633
761
612
758
352
539
377
271
600
759
633
282
325
271
286
718
271
309
759
707
633
325
348
261
272
169
351
261
259
66
633
373
759
281
740
321
282
350
728
759
633
283
252
325
106
672
176
325
267
765
633
342
172
172
172
272
348
168
733
172
633
804
282
728
349
282
737
473
726
325
633
265
364
325
96
162
756
728
295
351
633
282
351
147
256
740
351
172
172
325
633
713
281
172
171
738
321
261
755
268
633
756
325
272
261
718
272
172
351
172
633
172
272
172
171
738
160
171
755
172
633
712
173
728
170
271
172
172
163
172
633
738
172
172
169
727
746
349
171
172
633
755
365
172
172
147
172
172
350
348
633
172
172
729
756
172
738
738
172
172
633
172
759
171
172
282
172
259
728
272
633
325
261
738
172
172
172
171
147
259
633
538
756
728
728
343
261
172
172
728
633
172
172
169
172
172
272
172
172
172
633
171
9
738
738
261
291
172
171
172
633
170
325
756
756
282
728
756
172
730
633
259
172
172
351
755
172
267
172
757
633
172
261
728
172
172
172
172
172
172
633
718
171
754
740
261
740
172
129
318
633
352
636
639
319
764
758
656
321
648
633
321
647
647
91
614
326
345
344
284
633
651
351
758
310
325
351
325
325
364
633
195
654
322
325
314
757
758
640
765
633
302
354
120
325
759
750
263
639
124
633
740
657
364
643
325
650
727
654
758
633
767
348
640
758
245
352
655
758
652
633
271
317
278
325
765
227
759
634
310
633
728
761
319
643
321
753
284
764
349
633
325
316
666
282
325
758
776
321
763
633
652
155
322
614
364
351
639
649
344
633
767
350
758
643
758
352
727
654
348
633
329
764
641
319
193
770
348
271
348
633
269
570
753
348
243
369
290
337
650
633
315
348
319
652
348
321
325
632
758
633
601
348
316
337
314
280
348
245
348
633
451
701
322
341
325
92
344
700
542
633
314
325
765
727
758
753
605
602
643
633
765
636
753
316
349
777
341
271
645
633
178
245
821
177
115
115
351
125
650
633
719
756
272
317
765
364
325
367
339
633
316
201
351
225
590
364
349
759
262
633
288
287
272
348
169
272
271
54
758
633
709
352
728
346
325
364
352
348
325
633
694
752
266
759
271
325
167
325
251
633
261
272
98
325
119
728
761
316
69
633
499
347
476
755
756
345
740
348
351
633
336
346
172
322
100
759
352
630
57
633
61
718
726
351
738
172
172
654
172
633
756
243
263
726
282
325
351
643
738
633
759
617
72
274
738
172
161
273
348
633
264
272
738
261
291
172
172
738
168
633
756
738
172
726
172
159
172
738
349
633
172
618
351
172
738
172
349
150
722
633
452
271
120
822
738
172
172
325
85
633
318
738
726
310
348
651
172
172
740
633
728
349
297
172
615
737
732
179
735
633
152
245
172
738
172
172
172
172
259
633
272
740
272
172
740
259
172
172
172
633
737
740
761
172
771
728
172
172
175
633
738
94
172
172
172
172
741
172
142
633
711
740
726
172
172
172
172
762
172
633
756
272
351
171
67
172
172
263
286
633
756
172
172
172
172
728
172
129
172
633
756
351
172
172
172
754
728
172
172
633
615
258
754
172
172
172
151
172
172
633
738
172
260
172
172
172
738
734
738
633
352
172
172
738
325
172
172
171
172
633
325
282
763
718
325
325
753
303
282
633
263
767
759
327
662
351
640
345
652
633
760
345
351
345
654
364
246
345
60
633
282
654
134
325
282
345
758
614
345
633
650
268
306
325
738
758
647
661
761
633
639
364
306
352
352
345
284
313
765
633
344
319
245
243
314
324
364
758
348
633
650
352
614
325
758
759
321
325
282
633
650
322
588
351
284
165
352
546
135
633
325
348
346
282
313
325
321
656
757
633
728
759
759
767
169
705
352
655
321
633
275
643
764
759
282
345
366
155
321
633
282
753
729
656
313
325
325
643
309
633
756
352
756
110
706
759
335
261
555
633
319
322
764
364
727
345
635
657
634
633
325
322
337
364
345
374
589
345
55
633
478
739
147
122
738
149
765
172
172
633
717
352
314
352
282
325
237
351
497
633
316
245
358
107
314
347
325
640
282
633
172
349
738
289
619
517
121
172
650
633
728
322
325
639
123
108
325
243
644
633
740
728
726
769
351
111
325
646
756
633
93
738
172
172
731
172
261
604
267
633
630
276
62
165
652
340
536
337
317
633
316
720
759
351
319
314
261
305
144
633
253
267
319
325
172
294
172
172
172
633
757
727
756
317
272
727
728
311
770
633
728
258
352
754
349
756
619
721
655
633
738
594
172
172
727
172
172
172
172
633
325
169
293
86
259
727
339
243
356
633
271
556
172
728
345
636
259
284
754
633
371
172
172
172
172
172
172
172
146
633
712
726
325
261
172
738
243
498
738
633
738
172
172
172
210
314
738
325
767
633
325
143
349
739
172
593
172
726
172
633
756
272
169
261
272
263
750
172
723
633
172
272
261
738
172
172
172
172
172
633
298
172
351
172
352
172
360
172
172
633
261
726
738
261
172
261
349
172
259
633
271
172
740
271
172
172
754
172
172
633
728
172
261
294
149
728
260
342
738
633
728
172
257
172
172
260
169
172
172
633
172
172
172
172
172
259
172
172
172
633
259
722
172
261
318
172
726
282
271
633
756
351
172
364
172
172
172
263
738
633
738
754
261
172
172
172
738
172
172
633
740
740
755
172
758
259
172
272
272
633
728
172
754
172
172
172
172
172
172
633
805
574
549
575
309
703
613
325
605
633
554
610
655
812
547
767
240
673
615
633
70
231
496
669
132
512
505
508
191
633
600
670
573
751
669
153
691
680
610
633
642
814
612
615
610
548
628
239
613
633
540
474
386
654
696
669
15
629
329
633
576
663
550
687
153
308
663
362
681
633
53
815
329
632
513
669
610
780
614
633
503
325
262
654
607
691
758
170
613
633
710
704
572
331
693
682
307
490
671
633
504
329
127
604
601
610
816
308
515
633
714
128
698
385
186
172
669
594
604
633
650
670
810
782
767
742
157
767
783
633
408
621
785
604
669
510
357
368
781
633
760
702
630
674
385
615
332
169
613
633
599
597
690
659
625
370
764
756
600
633
642
767
557
615
763
506
592
656
603
633
511
813
133
108
507
199
639
255
126
633
654
562
577
650
330
622
811
281
762
633
608
324
639
679
759
172
325
509
817
633
654
712
173
820
607
330
172
744
650
633
756
758
630
752
727
301
364
759
326
633
364
747
765
818
727
767
598
319
325
633
730
378
757
282
363
351
305
318
759
633
129
650
282
319
611
325
729
765
336
633
129
286
359
728
510
344
270
514
170
633
724
259
819
738
109
727
328
172
348
633
756
319
609
154
728
766
600
349
261
633
657
754
304
271
631
261
130
298
350
633
728
756
725
761
591
766
10
255
271
633
724
758
738
322
758
347
349
759
65
633
724
738
345
325
765
761
172
738
351
633
261
349
261
346
282
172
773
728
291
633
171
738
630
755
738
318
71
738
750
633
728
172
284
351
738
325
261
340
327
633
724
756
740
359
740
172
172
172
172
633
254
271
740
319
758
259
738
172
728
633
349
260
755
172
766
172
728
737
728
633
286
172
743
172
172
172
755
259
754
633
272
286
728
728
738
737
172
738
728
633
724
738
351
172
172
738
728
738
725
633
755
754
348
346
172
759
299
172
169
633
256
738
259
171
261
766
756
738
172
633
724
755
261
738
761
728
728
172
738
633
261
715
754
738
756
759
169
187
172
633
172
282
325
738
756
761
172
738
729
633
312
172
172
728
728
738
259
171
172
633
755
756
348
261
172
172
172
325
172
