516
646
330
616
616
648
311
620
627
621
516
324
398
31
348
331
233
22
82
80
516
426
653
458
320
649
1
190
191
364
516
393
432
335
325
618
650
626
619
317
516
336
35
33
135
81
38
340
339
101
516
647
175
331
190
303
318
343
397
314
516
622
326
651
439
327
628
634
392
619
516
2
346
337
332
40
41
335
42
338
516
304
313
192
330
371
374
365
307
193
516
623
629
349
625
631
617
389
624
626
516
235
36
7
5
249
343
228
25
43
516
334
440
332
308
380
34
305
316
345
516
652
614
630
164
176
335
194
333
390
516
370
32
37
44
24
184
83
154
26
516
555
11
381
6
372
328
314
322
344
516
433
3
4
543
309
391
377
321
100
516
356
228
27
347
136
135
235
154
135
516
313
306
342
378
195
448
382
56
315
516
154
154
154
52
196
634
329
154
154
516
559
233
273
186
235
80
154
228
154
516
74
342
379
84
373
154
312
310
153
516
208
525
203
154
154
154
154
100
449
516
276
39
154
154
8
135
135
93
126
516
456
342
101
319
154
366
228
364
267
516
266
264
517
262
221
167
101
154
168
516
596
250
154
179
17
154
154
95
154
516
424
100
291
578
508
593
296
526
395
516
265
447
271
494
595
101
515
295
276
516
201
271
235
235
185
154
235
135
154
516
578
467
262
276
399
527
154
524
272
516
286
264
520
284
154
276
578
228
276
516
154
251
219
49
252
154
128
106
96
516
578
583
276
597
275
228
272
153
264
516
264
276
594
594
569
594
153
154
154
516
228
233
583
591
101
228
154
155
154
516
508
284
578
595
264
154
583
235
154
516
253
154
235
228
284
578
154
154
154
516
154
578
582
135
154
154
146
154
154
516
578
235
233
228
595
596
252
272
583
516
583
233
578
594
154
154
154
154
583
516
154
583
154
154
135
154
130
154
228
516
154
228
284
583
235
154
154
228
228
516
519
154
594
228
228
154
154
154
154
516
154
101
154
268
154
583
169
129
154
516
264
269
228
599
127
228
228
154
583
516
578
263
154
154
154
154
154
583
154
516
228
271
219
583
135
228
154
154
583
516
583
264
596
591
496
583
154
154
154
516
216
12
550
550
98
412
98
410
217
516
495
218
218
50
51
357
197
108
480
516
73
354
355
542
353
463
59
299
367
516
79
47
45
401
403
550
46
182
411
516
350
387
435
109
108
557
368
369
109
516
361
161
428
482
464
110
484
112
209
516
351
546
19
48
173
88
171
534
77
516
298
427
469
434
434
437
548
483
405
516
438
429
28
430
534
353
160
89
487
516
94
21
404
76
552
171
402
98
98
516
506
436
567
218
99
472
108
13
360
516
596
469
469
450
199
290
228
154
498
516
16
154
98
20
187
99
18
78
511
516
219
431
495
457
375
434
219
58
14
516
205
470
499
30
29
177
353
23
583
516
548
635
385
515
125
396
509
547
181
516
462
583
212
534
277
108
352
341
206
516
467
532
540
160
481
468
605
530
188
516
465
75
608
154
111
181
479
220
597
516
210
211
228
358
228
512
583
198
485
516
635
376
161
499
162
236
276
533
580
516
467
583
154
87
154
266
183
291
154
516
394
533
359
239
266
154
228
484
228
516
163
499
518
504
507
160
154
508
514
516
246
514
595
90
154
598
503
227
583
516
606
593
241
581
583
228
120
222
528
516
578
541
262
496
598
213
578
490
300
516
101
235
596
515
275
497
154
154
279
516
63
64
443
588
572
252
154
583
134
516
503
569
525
578
282
599
603
588
514
516
154
503
276
249
583
154
503
235
154
516
441
228
276
583
68
594
101
154
154
516
596
499
235
228
578
503
486
501
599
516
583
596
87
154
599
154
154
154
276
516
235
154
154
578
583
228
228
154
503
516
594
599
276
583
252
276
228
578
594
516
154
154
154
228
154
154
284
154
228
516
154
594
578
578
107
134
276
284
235
516
154
599
227
583
578
243
583
154
154
516
501
583
154
276
154
154
228
154
583
516
228
578
578
594
583
154
595
596
154
516
226
594
583
578
154
578
275
228
573
516
578
154
154
154
228
583
154
246
154
516
578
594
578
276
583
154
134
154
154
516
154
583
262
154
228
583
228
154
154
516
154
154
154
275
594
154
154
154
154
516
596
154
154
154
274
271
272
583
583
516
228
275
262
490
154
228
581
154
154
516
264
264
243
274
595
243
599
276
204
516
284
263
599
243
264
243
243
276
264
516
598
264
595
276
275
264
594
525
243
516
264
264
596
598
292
264
281
243
243
516
596
275
260
243
154
275
525
600
264
516
441
595
264
275
246
275
261
275
503
516
264
264
243
595
274
275
276
243
233
516
145
162
264
264
243
264
263
528
598
516
525
284
274
264
243
276
594
271
275
516
290
264
276
264
276
275
526
596
596
516
154
261
284
297
276
276
275
524
284
516
499
151
596
594
264
243
594
264
109
516
290
595
271
274
256
598
274
582
284
516
264
275
264
201
276
284
243
143
262
516
525
595
501
596
245
264
264
593
243
516
271
264
200
276
274
95
274
243
243
516
594
609
264
275
276
528
235
600
578
516
101
229
150
596
276
151
275
578
153
516
271
527
271
276
95
275
583
102
276
516
276
263
264
101
243
235
583
219
262
516
492
468
276
116
264
243
228
578
264
516
264
262
578
598
213
246
276
101
243
516
583
247
597
235
583
154
237
600
578
516
596
501
595
276
445
293
235
497
596
516
243
264
235
246
573
235
259
596
566
516
264
275
228
235
153
276
228
228
66
516
290
596
243
583
264
243
276
578
596
516
244
224
264
101
537
157
264
233
598
516
273
154
154
154
235
275
153
581
154
516
632
243
578
276
243
583
383
578
264
516
231
284
264
95
148
594
578
251
276
516
243
276
135
227
583
276
154
154
264
516
570
243
154
154
583
264
228
594
233
516
594
264
235
228
573
235
154
276
154
516
154
235
154
154
583
146
154
594
154
516
569
155
578
154
235
154
154
149
154
516
583
154
154
153
578
589
276
154
154
516
594
284
154
154
135
154
154
276
275
516
154
154
579
594
154
583
583
154
154
516
154
596
154
154
243
154
228
578
235
516
264
228
583
154
154
154
154
135
228
516
444
594
578
578
273
228
154
154
578
516
154
154
153
154
154
235
154
154
154
516
154
9
583
583
228
249
154
154
154
516
154
264
594
594
243
578
594
154
580
516
228
154
154
276
594
154
233
154
595
516
154
228
578
154
154
154
154
154
154
516
573
154
594
583
228
583
154
118
262
516
276
518
520
263
598
595
528
264
524
516
264
523
523
91
503
265
274
274
245
516
525
276
595
260
264
276
264
264
284
516
174
527
264
264
261
595
595
520
598
516
255
278
112
264
596
592
229
520
115
516
583
528
284
521
264
525
578
527
595
516
599
275
520
595
219
276
527
595
526
516
235
262
240
264
598
203
596
517
260
516
578
596
263
521
264
593
245
598
276
516
264
262
534
243
264
595
607
264
597
516
526
142
264
503
284
276
520
524
274
516
599
276
595
521
595
276
578
527
275
516
266
598
520
263
172
601
275
235
275
516
234
471
593
275
218
287
248
271
525
516
261
275
263
526
275
264
264
515
595
516
497
275
262
271
261
242
275
219
275
516
362
561
264
273
264
92
274
560
447
516
261
264
598
578
595
593
499
498
521
516
598
518
593
262
276
607
273
235
522
516
158
219
644
157
109
109
276
115
525
516
573
594
235
262
598
284
264
286
272
516
262
180
276
202
490
284
276
596
229
516
247
246
235
275
153
235
235
54
595
516
568
276
578
275
264
284
276
275
264
516
554
593
232
596
235
264
152
264
223
516
228
235
95
264
111
578
596
262
69
516
409
275
386
594
594
274
583
275
276
516
271
275
154
264
97
596
276
514
57
516
61
573
578
276
583
154
154
527
154
516
594
218
229
578
243
264
276
521
583
516
596
505
72
237
583
154
147
236
275
516
230
235
583
228
249
154
154
583
153
516
594
583
154
578
154
145
154
583
276
516
154
505
276
154
583
154
276
138
576
516
363
235
112
645
583
154
154
264
85
516
262
583
578
260
275
525
154
154
583
516
578
276
252
154
503
583
581
159
581
516
139
219
154
583
154
154
154
154
228
516
235
583
235
154
583
228
154
154
154
516
583
583
596
154
602
578
154
154
156
516
583
93
154
154
154
154
584
154
131
516
569
583
578
154
154
154
154
597
154
516
594
235
276
154
67
154
154
229
246
516
594
154
154
154
154
578
154
118
154
516
594
276
154
154
154
594
578
154
154
516
503
228
594
154
154
154
138
154
154
516
583
154
228
154
154
154
583
581
583
516
276
154
154
583
264
154
154
154
154
516
264
243
597
573
264
264
593
255
243
516
229
599
596
266
531
276
520
274
526
516
596
274
276
274
527
284
219
274
60
516
243
527
123
264
243
274
595
503
274
516
525
233
257
264
583
595
523
530
596
516
520
284
257
276
276
274
245
261
598
516
274
263
219
218
261
264
284
595
275
516
525
276
503
264
595
596
264
264
243
516
525
264
488
276
245
151
276
451
124
516
264
275
275
243
261
264
264
528
595
516
578
596
596
599
153
565
276
527
264
516
238
521
598
596
243
274
285
142
264
516
243
593
579
528
261
264
264
521
259
516
594
276
594
104
565
596
270
228
460
516
263
264
598
284
578
274
517
528
517
516
264
264
271
284
274
291
489
274
55
516
388
583
135
113
583
137
598
154
154
516
573
276
261
276
243
264
213
276
407
516
262
219
281
101
261
275
264
520
243
516
154
276
583
247
506
425
112
154
525
516
578
264
264
520
114
102
264
218
521
516
583
578
578
600
276
105
264
522
594
516
93
583
154
154
580
154
228
499
233
516
514
238
62
151
526
272
442
271
262
516
262
574
596
276
263
261
228
256
133
516
225
233
263
264
154
251
154
154
154
516
595
578
594
262
235
578
578
260
601
516
578
228
276
594
276
594
506
575
527
516
583
493
154
154
578
154
154
154
154
516
264
153
250
86
228
578
272
218
279
516
235
460
154
578
274
518
228
245
594
516
289
154
154
154
154
154
154
154
135
516
569
578
264
228
154
583
218
408
583
516
583
154
154
154
189
261
583
264
599
516
264
132
276
583
154
492
154
578
154
516
594
235
153
228
235
229
592
154
576
516
154
235
228
583
154
154
154
154
154
516
252
154
276
154
276
154
281
154
154
516
228
578
583
228
154
228
276
154
228
516
235
154
583
235
154
154
594
154
154
516
578
154
228
251
137
578
228
273
583
516
578
154
227
154
154
228
153
154
154
516
154
154
154
154
154
228
154
154
154
516
228
576
154
228
262
154
578
243
235
516
594
276
154
284
154
154
154
229
583
516
583
594
228
154
154
154
583
154
154
516
583
583
594
154
595
228
154
235
235
516
578
154
594
154
154
154
154
154
154
516
633
475
454
476
259
563
502
264
499
516
459
501
527
638
452
599
215
538
503
516
70
207
406
535
121
420
414
417
170
516
497
536
474
592
535
140
552
545
501
516
521
639
501
503
501
453
513
214
502
516
446
384
302
527
556
535
15
514
266
516
477
532
455
549
140
258
532
282
545
516
53
640
266
515
421
535
501
610
503
516
413
264
229
527
499
552
595
154
502
516
568
564
473
267
553
545
257
400
536
516
413
266
116
499
497
501
641
258
423
516
571
117
558
301
165
154
535
493
499
516
525
536
636
612
599
585
144
599
613
516
323
507
615
499
535
419
280
286
611
516
596
562
514
539
301
503
267
153
502
516
496
495
551
529
510
288
598
594
497
516
521
599
461
503
597
415
491
528
498
516
419
638
122
102
416
178
520
227
116
516
527
466
478
525
267
508
637
243
597
516
499
264
520
544
596
154
264
418
641
516
527
569
155
643
499
267
154
587
525
516
594
595
514
593
578
254
284
596
265
516
284
590
598
642
578
599
496
263
264
516
580
294
595
243
283
276
256
262
596
516
118
525
243
263
501
264
579
598
271
516
118
246
281
578
419
274
235
422
154
516
577
228
642
583
103
578
266
154
275
516
594
263
500
141
578
599
497
276
228
516
528
594
256
235
515
228
119
252
276
516
578
594
578
596
490
599
10
227
235
516
577
595
583
264
595
275
276
596
65
516
577
583
274
264
598
596
154
583
276
516
228
276
228
275
243
154
604
578
249
516
154
583
514
594
583
262
71
583
592
516
578
154
245
276
583
264
228
272
266
516
577
594
583
281
583
154
154
154
154
516
226
235
583
263
595
228
583
154
578
516
276
228
594
154
599
154
578
583
578
516
246
154
586
154
154
154
594
228
594
516
235
246
578
578
583
583
154
583
578
516
577
583
276
154
154
583
578
583
578
516
594
594
275
275
154
596
252
154
153
516
227
583
228
154
228
599
594
583
154
516
577
594
228
583
596
578
578
154
583
516
228
571
594
583
594
596
153
166
154
516
154
243
264
583
594
596
154
583
579
516
260
154
154
578
578
583
228
154
154
516
594
594
275
228
154
154
154
264
154
