416
513
265
489
489
515
251
492
498
493
416
261
326
31
280
265
200
22
76
76
416
349
520
377
258
516
1
165
165
294
416
321
355
269
262
491
517
498
492
255
416
269
35
33
120
76
38
273
272
93
416
514
151
265
165
243
256
276
325
253
416
494
263
518
362
264
499
504
320
492
416
2
278
270
266
40
41
269
42
271
416
244
253
166
265
300
303
295
247
166
416
495
500
281
497
501
490
317
496
498
416
201
36
7
5
209
276
198
25
43
416
268
363
266
248
308
34
245
254
277
416
519
487
500
142
152
269
167
267
318
416
299
32
37
44
24
159
77
135
26
416
445
11
309
6
301
264
253
260
276
416
356
3
4
433
249
319
306
259
93
416
287
198
27
279
120
120
201
135
120
416
253
246
275
307
168
370
310
56
253
416
135
135
135
52
169
504
264
135
135
416
449
200
219
161
201
76
135
198
135
416
71
275
307
78
302
135
252
250
135
416
180
421
176
135
135
135
135
93
370
416
220
39
135
135
8
120
120
86
114
416
376
275
93
257
135
296
198
294
218
416
217
216
416
216
193
144
93
135
144
416
472
209
135
155
17
135
135
88
135
416
347
93
232
464
410
471
237
421
323
416
217
369
219
402
472
93
415
236
220
416
174
219
201
201
160
135
201
120
135
416
464
383
216
220
327
421
135
421
219
416
228
216
418
227
135
220
464
198
220
416
135
209
191
49
209
135
115
96
89
416
464
466
220
473
220
198
219
135
216
416
216
220
472
472
458
472
135
135
135
416
198
200
466
470
93
198
135
135
135
416
410
227
464
472
216
135
466
201
135
416
210
135
201
198
227
464
135
135
135
416
135
464
466
120
135
135
129
135
135
416
464
201
200
198
472
472
209
219
466
416
466
200
464
472
135
135
135
135
466
416
135
466
135
135
120
135
117
135
198
416
135
198
227
466
201
135
135
198
198
416
417
135
472
198
198
135
135
135
135
416
135
93
135
218
135
466
145
116
135
416
216
218
198
473
114
198
198
135
466
416
464
216
135
135
135
135
135
466
135
416
198
219
191
466
120
198
135
135
466
416
466
216
472
470
404
466
135
135
135
416
188
12
440
440
91
339
91
337
189
416
403
190
190
50
51
288
170
98
394
416
70
286
286
432
285
381
59
240
297
416
75
47
45
329
331
440
46
157
338
416
282
315
358
98
98
447
298
298
98
416
291
140
351
395
381
99
397
101
181
416
283
436
19
48
149
82
147
426
74
416
239
350
384
357
357
360
438
396
333
416
361
352
28
353
426
285
139
83
399
416
87
21
332
73
442
147
330
91
91
416
409
359
456
190
92
387
98
13
290
416
472
384
384
371
172
231
198
135
404
416
16
135
91
20
162
92
18
74
412
416
191
354
403
376
304
357
191
58
14
416
177
385
405
30
29
153
285
23
466
416
438
505
313
415
113
324
411
437
157
416
380
466
184
426
221
98
284
274
178
416
383
425
430
139
394
383
478
424
163
416
382
72
481
135
100
157
393
192
473
416
182
183
198
289
198
413
466
171
397
416
505
305
140
405
140
201
220
426
464
416
383
466
135
81
135
217
158
232
135
416
322
426
289
202
217
135
198
397
198
416
141
405
417
407
410
139
135
410
415
416
207
415
472
84
135
473
406
197
466
416
479
471
204
465
466
198
108
194
422
416
464
431
216
404
473
185
464
401
240
416
93
201
472
415
220
404
135
135
223
416
62
62
365
469
460
209
135
466
120
416
406
458
421
464
226
473
476
469
415
416
135
406
220
209
466
135
406
201
135
416
364
198
220
466
66
472
93
135
135
416
472
405
201
198
464
406
398
406
473
416
466
472
81
135
473
135
135
135
220
416
201
135
135
464
466
198
198
135
406
416
472
473
220
466
209
220
198
464
472
416
135
135
135
198
135
135
227
135
198
416
135
472
464
464
97
120
220
227
201
416
135
473
197
466
464
205
466
135
135
416
406
466
135
220
135
135
198
135
466
416
198
464
464
472
466
135
472
472
135
416
197
472
466
464
135
464
220
198
461
416
464
135
135
135
198
466
135
207
135
416
464
472
464
220
466
135
120
135
135
416
135
466
216
135
198
466
198
135
135
416
135
135
135
220
472
135
135
135
135
416
472
135
135
135
220
219
219
466
466
416
198
220
216
401
135
198
465
135
135
416
216
216
205
220
472
205
473
220
176
416
227
216
473
205
216
205
205
220
216
416
473
216
472
220
220
216
472
421
205
416
216
216
472
473
233
216
225
205
205
416
472
220
214
205
135
220
421
474
216
416
364
472
216
220
207
220
215
220
406
416
216
216
205
472
220
220
220
205
200
416
128
140
216
216
205
216
216
422
473
416
421
227
220
216
205
220
472
219
220
416
231
216
220
216
220
220
421
472
472
416
135
215
227
238
220
220
220
421
227
416
405
133
472
472
216
205
472
216
98
416
231
472
219
220
212
473
220
466
227
416
216
220
216
174
220
227
205
126
216
416
421
472
406
472
206
216
216
471
205
416
219
216
173
220
220
88
220
205
205
416
472
482
216
220
220
422
201
474
464
416
93
198
132
472
220
133
220
464
135
416
219
421
219
220
88
220
466
94
220
416
220
216
216
93
205
201
466
191
216
416
402
383
220
105
216
205
198
464
216
416
216
216
464
473
185
207
220
93
205
416
466
208
473
201
466
135
201
474
464
416
472
406
472
220
367
234
201
404
472
416
205
216
201
207
461
201
213
472
455
416
216
220
198
201
135
220
198
198
64
416
231
472
205
466
216
205
220
464
472
416
205
196
216
93
427
136
216
200
473
416
219
135
135
135
201
220
135
465
135
416
502
205
464
220
205
466
311
464
216
416
199
227
216
88
131
472
464
209
220
416
205
220
120
197
466
220
135
135
216
416
458
205
135
135
466
216
198
472
200
416
472
216
201
198
461
201
135
220
135
416
135
201
135
135
466
129
135
472
135
416
458
135
464
135
201
135
135
131
135
416
466
135
135
135
464
469
220
135
135
416
472
227
135
135
120
135
135
220
220
416
135
135
464
472
135
466
466
135
135
416
135
472
135
135
205
135
198
464
201
416
216
198
466
135
135
135
135
120
198
416
366
472
464
464
219
198
135
135
464
416
135
135
135
135
135
201
135
135
135
416
135
9
466
466
198
209
135
135
135
416
135
216
472
472
205
464
472
135
464
416
198
135
135
220
472
135
200
135
472
416
135
198
464
135
135
135
135
135
135
416
461
135
472
466
198
466
135
106
216
416
220
417
418
216
473
472
422
216
421
416
216
421
421
84
406
217
220
220
206
416
421
220
472
214
216
220
216
216
227
416
150
421
216
216
215
472
472
418
473
416
211
222
101
216
472
471
198
418
104
416
466
422
227
419
216
421
464
421
472
416
473
220
418
472
191
220
421
472
421
416
201
216
203
216
473
176
472
416
214
416
464
472
216
419
216
471
206
473
220
416
216
216
426
205
216
472
480
216
473
416
421
125
216
406
227
220
418
421
220
416
473
220
472
419
472
220
464
421
220
416
217
473
418
216
148
475
220
201
220
416
200
386
471
220
190
228
208
219
421
416
215
220
216
421
220
216
216
415
472
416
404
220
216
219
215
204
220
191
220
416
292
451
216
219
216
85
220
450
369
416
215
216
473
464
472
471
405
404
419
416
473
417
471
216
220
480
219
201
420
416
137
191
511
136
98
98
220
104
421
416
461
472
201
216
473
227
216
228
219
416
216
156
220
175
401
227
220
472
198
416
208
207
201
220
135
201
201
54
472
416
457
220
464
220
216
227
220
220
216
416
444
471
199
472
201
216
134
216
195
416
198
201
88
216
100
464
472
216
67
416
336
220
314
472
472
220
466
220
220
416
219
220
135
216
90
472
220
415
57
416
60
461
464
220
466
135
135
421
135
416
472
190
198
464
205
216
220
419
466
416
472
408
69
201
466
135
130
201
220
416
198
201
466
198
209
135
135
466
135
416
472
466
135
464
135
128
135
466
220
416
135
408
220
135
466
135
220
122
463
416
293
201
101
512
466
135
135
216
79
416
216
466
464
214
220
421
135
135
466
416
464
220
209
135
406
466
465
138
465
416
123
191
135
466
135
135
135
135
198
416
201
466
201
135
466
198
135
135
135
416
466
466
472
135
475
464
135
135
135
416
466
86
135
135
135
135
467
135
117
416
458
466
464
135
135
135
135
473
135
416
472
201
220
135
65
135
135
198
207
416
472
135
135
135
135
464
135
106
135
416
472
220
135
135
135
472
464
135
135
416
406
198
472
135
135
135
122
135
135
416
466
135
198
135
135
135
466
465
466
416
220
135
135
466
216
135
135
135
135
416
216
205
473
461
216
216
471
211
205
416
198
473
472
217
424
220
418
220
421
416
472
220
220
220
421
227
191
220
59
416
205
421
111
216
205
220
472
406
220
416
421
200
212
216
466
472
421
424
472
416
418
227
212
220
220
220
206
215
473
416
220
216
191
190
215
216
227
472
220
416
421
220
406
216
472
472
216
216
205
416
421
216
400
220
206
133
220
372
112
416
216
220
220
205
215
216
216
422
472
416
464
472
472
473
135
455
220
421
216
416
202
419
473
472
205
220
227
125
216
416
205
471
464
422
215
216
216
419
213
416
472
220
472
95
455
472
218
198
378
416
216
216
473
227
464
220
416
422
416
416
216
216
219
227
220
232
400
220
55
416
316
466
120
102
466
121
473
135
135
416
461
220
215
220
205
216
185
220
335
416
216
191
225
93
215
220
216
418
205
416
135
220
466
208
409
348
101
135
421
416
464
216
216
418
103
94
216
190
419
416
466
464
464
474
220
95
216
420
472
416
86
466
135
135
464
135
198
405
200
416
415
202
61
133
421
219
364
219
216
416
216
462
472
220
216
215
198
212
119
416
196
200
216
216
135
209
135
135
135
416
472
464
472
216
201
464
464
214
475
416
464
198
220
472
220
472
409
462
421
416
466
402
135
135
464
135
135
135
135
416
216
135
209
80
198
464
219
190
223
416
201
378
135
464
220
417
198
206
472
416
230
135
135
135
135
135
135
135
120
416
458
464
216
198
135
466
190
335
466
416
466
135
135
135
164
215
466
216
473
416
216
118
220
466
135
402
135
464
135
416
472
201
135
198
201
198
471
135
463
416
135
201
198
466
135
135
135
135
135
416
209
135
220
135
220
135
225
135
135
416
198
464
466
198
135
198
220
135
198
416
201
135
466
201
135
135
472
135
135
416
464
135
198
209
121
464
198
219
466
416
464
135
197
135
135
198
135
135
135
416
135
135
135
135
135
198
135
135
135
416
198
463
135
198
216
135
464
205
201
416
472
220
135
227
135
135
135
198
466
416
466
472
198
135
135
135
466
135
135
416
466
466
472
135
472
198
135
201
201
416
464
135
472
135
135
135
135
135
135
416
503
389
375
390
213
453
406
216
405
416
377
406
421
507
373
473
187
428
406
416
68
179
334
427
109
344
341
343
146
416
404
427
388
471
427
124
442
435
406
416
419
508
406
406
406
374
414
186
406
416
368
312
242
421
446
427
15
415
217
416
391
425
375
439
124
213
425
226
435
416
53
508
217
415
344
427
406
483
406
416
340
216
198
421
405
442
472
135
406
416
457
454
387
218
443
435
212
328
427
416
340
217
105
405
404
406
509
213
346
416
459
105
448
241
143
135
427
402
405
416
421
427
505
485
473
468
127
473
486
416
260
410
488
405
427
344
224
228
484
416
472
452
415
429
241
406
218
135
406
416
404
403
441
423
411
229
473
472
404
416
419
473
379
406
473
341
401
422
404
416
344
507
110
94
342
154
418
197
105
416
421
382
392
421
218
410
506
205
473
416
405
216
418
434
472
135
216
343
509
416
421
458
135
510
405
218
135
468
421
416
472
472
415
471
464
210
227
472
217
416
227
469
473
510
464
473
404
216
216
416
464
235
472
205
226
220
212
216
472
416
106
421
205
216
406
216
464
473
219
416
106
207
225
464
344
220
201
345
135
416
464
198
510
466
94
464
217
135
220
416
472
216
405
124
464
473
404
220
198
416
422
472
212
201
415
198
107
209
220
416
464
472
464
472
401
473
10
197
201
416
464
472
466
216
472
220
220
472
63
416
464
466
220
216
473
472
135
466
220
416
198
220
198
220
205
135
477
464
209
416
135
466
415
472
466
216
68
466
471
416
464
135
206
220
466
216
198
219
217
416
464
472
466
225
466
135
135
135
135
416
197
201
466
216
472
198
466
135
464
416
220
198
472
135
473
135
464
466
464
416
207
135
468
135
135
135
472
198
472
416
201
207
464
464
466
466
135
466
464
416
464
466
220
135
135
466
464
466
464
416
472
472
220
220
135
472
209
135
135
416
197
466
198
135
198
473
472
466
135
416
464
472
198
466
472
464
464
135
466
416
198
459
472
466
472
472
135
143
135
416
135
205
216
466
472
472
135
466
464
416
214
135
135
464
464
466
198
135
135
416
472
472
220
198
135
135
135
216
135
