334
404
213
386
386
406
200
387
392
387
334
209
266
31
222
213
167
22
70
70
334
283
411
306
206
407
1
139
139
236
334
262
289
214
210
386
408
392
387
204
334
214
35
33
101
70
38
217
216
81
334
405
125
213
139
193
205
219
265
202
334
388
211
409
294
212
392
397
261
387
334
2
221
215
213
40
41
214
42
215
334
193
202
140
213
241
244
236
196
140
334
389
393
223
391
394
386
258
390
392
334
167
36
7
5
172
219
165
25
42
334
213
295
213
197
249
34
194
203
220
334
410
384
393
118
126
214
141
213
259
334
240
32
37
43
24
133
71
112
26
334
355
11
250
6
242
212
202
208
219
334
290
3
4
346
198
260
247
207
81
334
229
165
27
221
101
101
167
112
101
334
202
195
219
248
142
299
251
54
202
334
112
112
112
50
143
397
212
112
112
334
357
167
178
135
167
70
112
165
112
334
65
219
248
72
243
112
201
199
112
334
152
337
149
112
112
112
112
81
299
334
178
39
112
112
8
101
101
77
97
334
305
219
81
205
112
237
165
236
177
334
176
176
334
176
162
120
81
112
120
334
372
172
112
129
17
112
112
78
112
334
282
81
186
367
331
371
189
337
264
334
176
299
178
326
372
81
334
188
178
334
148
178
167
167
134
112
167
101
112
334
367
311
176
178
267
337
112
337
178
334
182
176
335
182
112
178
367
165
178
334
112
172
160
47
172
112
97
84
78
334
367
368
178
372
178
165
178
112
176
334
176
178
372
372
363
372
112
112
112
334
165
167
368
371
81
165
112
112
112
334
331
182
367
372
176
112
368
167
112
334
173
112
167
165
182
367
112
112
112
334
112
367
368
101
112
112
108
112
112
334
367
167
167
165
372
372
172
178
368
334
368
167
367
372
112
112
112
112
368
334
112
368
112
112
101
112
99
112
165
334
112
165
182
368
167
112
112
165
165
334
335
112
372
165
165
112
112
112
112
334
112
81
112
177
112
368
120
98
112
334
176
177
165
372
97
165
165
112
368
334
367
176
112
112
112
112
112
368
112
334
165
178
160
368
101
165
112
112
368
334
368
176
372
371
327
368
112
112
112
334
158
12
351
351
80
277
80
275
159
334
327
160
160
48
49
230
144
85
320
334
64
228
228
345
227
309
57
191
238
334
69
45
44
269
271
351
44
131
276
334
224
256
291
85
85
356
239
239
85
334
233
116
285
321
309
85
322
86
153
334
225
348
19
46
123
74
122
340
68
334
190
284
312
291
291
292
349
321
273
334
293
286
28
287
340
227
115
74
324
334
77
21
272
67
353
122
270
80
80
334
331
291
362
160
80
314
85
13
232
334
372
312
312
300
146
185
165
112
327
334
16
112
80
20
136
80
18
68
332
334
160
288
327
305
245
291
160
56
14
334
150
312
328
30
29
127
227
23
368
334
349
397
254
334
96
264
332
348
131
334
308
368
156
340
179
85
226
218
151
334
311
340
344
115
320
311
375
339
137
334
310
66
378
112
86
131
319
161
372
334
154
155
165
231
165
333
368
145
322
334
397
246
116
328
116
167
178
340
367
334
311
368
112
74
112
176
132
186
112
334
263
340
231
168
176
112
165
322
165
334
117
328
335
329
331
115
112
331
334
334
171
334
372
75
112
372
329
165
368
334
376
371
170
368
368
165
92
162
338
334
367
344
176
327
372
157
367
326
191
334
81
167
372
334
178
327
112
112
180
334
59
59
296
370
365
172
112
368
101
334
329
363
337
367
181
372
374
370
334
334
112
329
178
172
368
112
329
167
112
334
296
165
178
368
61
372
81
112
112
334
372
328
167
165
367
329
323
329
372
334
368
372
74
112
372
112
112
112
178
334
167
112
112
367
368
165
165
112
329
334
372
372
178
368
172
178
165
367
372
334
112
112
112
165
112
112
182
112
165
334
112
372
367
367
84
101
178
182
167
334
112
372
165
368
367
171
368
112
112
334
329
368
112
178
112
112
165
112
368
334
165
367
367
372
368
112
372
372
112
334
165
372
368
367
112
367
178
165
366
334
367
112
112
112
165
368
112
171
112
334
367
372
367
178
368
112
101
112
112
334
112
368
176
112
165
368
165
112
112
334
112
112
112
178
372
112
112
112
112
334
372
112
112
112
178
178
178
368
368
334
165
178
176
326
112
165
368
112
112
334
176
176
171
178
372
171
372
178
149
334
182
176
372
171
176
171
171
178
176
334
372
176
372
178
178
176
372
337
171
334
176
176
372
372
186
176
181
171
171
334
372
178
175
171
112
178
337
373
176
334
296
372
176
178
171
178
175
178
329
334
176
176
171
372
178
178
178
171
167
334
107
116
176
176
171
176
176
338
372
334
337
182
178
176
171
178
372
178
178
334
185
176
178
176
178
178
337
372
372
334
112
175
182
189
178
178
178
337
182
334
328
111
372
372
176
171
372
176
85
334
185
372
178
178
174
372
178
368
182
334
176
178
176
148
178
182
171
105
176
334
337
372
329
372
171
176
176
371
171
334
178
176
147
178
178
78
178
171
171
334
372
379
176
178
178
338
167
373
367
334
81
165
110
372
178
111
178
367
112
334
178
337
178
178
78
178
368
82
178
334
178
176
176
81
171
167
368
160
176
334
326
311
178
90
176
171
165
367
176
334
176
176
367
372
157
171
178
81
171
334
368
172
372
167
368
112
167
373
367
334
372
329
372
178
298
187
167
327
372
334
171
176
167
171
366
167
175
372
361
334
176
178
165
167
112
178
165
165
60
334
185
372
171
368
176
171
178
367
372
334
171
164
176
81
341
113
176
167
372
334
178
112
112
112
167
178
112
368
112
334
395
171
367
178
171
368
252
367
176
334
166
182
176
78
109
372
367
172
178
334
171
178
101
165
368
178
112
112
176
334
363
171
112
112
368
176
165
372
167
334
372
176
167
165
366
167
112
178
112
334
112
167
112
112
368
108
112
372
112
334
363
112
367
112
167
112
112
109
112
334
368
112
112
112
367
370
178
112
112
334
372
182
112
112
101
112
112
178
178
334
112
112
367
372
112
368
368
112
112
334
112
372
112
112
171
112
165
367
167
334
176
165
368
112
112
112
112
101
165
334
297
372
367
367
178
165
112
112
367
334
112
112
112
112
112
167
112
112
112
334
112
9
368
368
165
172
112
112
112
334
112
176
372
372
171
367
372
112
367
334
165
112
112
178
372
112
167
112
372
334
112
165
367
112
112
112
112
112
112
334
366
112
372
368
165
368
112
91
176
334
178
335
335
176
372
372
338
176
337
334
176
337
337
75
329
176
178
178
171
334
337
178
372
175
176
178
176
176
182
334
124
337
176
176
175
372
372
335
372
334
174
179
86
176
372
371
165
335
89
334
368
338
182
335
176
337
367
337
372
334
372
178
335
372
160
178
337
372
337
334
167
176
169
176
372
149
372
334
175
334
367
372
176
335
176
371
171
372
178
334
176
176
340
171
176
372
377
176
372
334
337
105
176
329
182
178
335
337
178
334
372
178
372
335
372
178
367
337
178
334
176
372
335
176
122
373
178
167
178
334
167
313
371
178
160
182
172
178
337
334
175
178
176
337
178
176
176
334
372
334
327
178
176
178
175
170
178
160
178
334
234
358
176
178
176
76
178
357
299
334
175
176
372
367
372
371
328
327
335
334
372
335
371
176
178
377
178
167
336
334
113
160
402
113
85
85
178
89
337
334
366
372
167
176
372
182
176
182
178
334
176
130
178
148
326
182
178
372
165
334
172
171
167
178
112
167
167
52
372
334
363
178
367
178
176
182
178
178
176
334
354
371
166
372
167
176
111
176
163
334
165
167
78
176
86
367
372
176
62
334
274
178
255
372
372
178
368
178
178
334
178
178
112
176
79
372
178
334
55
334
57
366
367
178
368
112
112
337
112
334
372
160
165
367
171
176
178
335
368
334
372
330
63
167
368
112
108
167
178
334
165
167
368
165
172
112
112
368
112
334
372
368
112
367
112
107
112
368
178
334
112
330
178
112
368
112
178
102
367
334
235
167
86
403
368
112
112
176
72
334
176
368
367
175
178
337
112
112
368
334
367
178
172
112
329
368
368
114
368
334
103
160
112
368
112
112
112
112
165
334
167
368
167
112
368
165
112
112
112
334
368
368
372
112
373
367
112
112
112
334
368
77
112
112
112
112
369
112
99
334
363
368
367
112
112
112
112
372
112
334
372
167
178
112
60
112
112
165
171
334
372
112
112
112
112
367
112
91
112
334
372
178
112
112
112
372
367
112
112
334
329
165
372
112
112
112
102
112
112
334
368
112
165
112
112
112
368
368
368
334
178
112
112
368
176
112
112
112
112
334
176
171
372
366
176
176
371
174
171
334
165
372
372
176
339
178
335
178
337
334
372
178
178
178
337
182
160
178
57
334
171
337
95
176
171
178
372
329
178
334
337
167
174
176
368
372
337
339
372
334
335
182
174
178
178
178
171
175
372
334
178
176
160
160
175
176
182
372
178
334
337
178
329
176
372
372
176
176
171
334
337
176
325
178
171
111
178
301
95
334
176
178
178
171
175
176
176
338
372
334
367
372
372
372
112
361
178
337
176
334
168
335
372
372
171
178
182
105
176
334
171
371
367
338
175
176
176
335
175
334
372
178
372
83
361
372
177
165
307
334
176
176
372
182
367
178
334
338
334
334
176
176
178
182
178
186
325
178
53
334
257
368
101
87
368
102
372
112
112
334
366
178
175
178
171
176
157
178
274
334
176
160
181
81
175
178
176
335
171
334
112
178
368
172
331
282
86
112
337
334
367
176
176
335
88
82
176
160
335
334
368
367
367
373
178
83
176
336
372
334
77
368
112
112
367
112
165
328
167
334
334
168
58
111
337
178
296
178
176
334
176
366
372
178
176
175
165
174
100
334
164
167
176
176
112
172
112
112
112
334
372
367
372
176
167
367
367
175
373
334
367
165
178
372
178
372
331
366
337
334
368
326
112
112
367
112
112
112
112
334
176
112
172
73
165
367
178
160
180
334
167
307
112
367
178
335
165
171
372
334
184
112
112
112
112
112
112
112
101
334
363
367
176
165
112
368
160
274
368
334
368
112
112
112
138
175
368
176
372
334
176
99
178
368
112
326
112
367
112
334
372
167
112
165
167
165
371
112
367
334
112
167
165
368
112
112
112
112
112
334
172
112
178
112
178
112
181
112
112
334
165
367
368
165
112
165
178
112
165
334
167
112
368
167
112
112
372
112
112
334
367
112
165
172
102
367
165
178
368
334
367
112
165
112
112
165
112
112
112
334
112
112
112
112
112
165
112
112
112
334
165
367
112
165
176
112
367
171
167
334
372
178
112
182
112
112
112
165
368
334
368
372
165
112
112
112
368
112
112
334
368
368
372
112
372
165
112
167
167
334
367
112
372
112
112
112
112
112
112
334
396
316
304
316
175
360
329
176
328
334
306
329
337
399
302
372
157
342
329
334
63
151
273
341
93
280
278
279
121
334
327
341
315
371
341
104
353
347
329
334
335
399
329
329
329
303
333
157
329
334
298
253
192
337
355
341
15
334
176
334
317
340
304
350
104
175
340
181
347
334
51
399
176
334
280
341
329
380
329
334
278
176
165
337
328
353
372
112
329
334
363
360
314
177
353
347
174
268
341
334
278
176
90
328
327
329
400
175
281
334
364
90
356
192
119
112
341
326
328
334
337
341
397
382
372
370
106
372
383
334
208
331
385
328
341
280
180
182
381
334
372
359
334
343
192
329
177
112
329
334
327
327
352
338
332
183
372
372
327
334
335
372
307
329
372
278
326
338
327
334
280
399
94
82
278
128
335
165
90
334
337
310
318
337
177
331
398
171
372
334
328
176
335
346
372
112
176
279
400
334
337
363
112
401
328
177
112
370
337
334
372
372
334
371
367
173
182
372
176
334
182
370
372
401
367
372
327
176
176
334
367
187
372
171
181
178
174
176
372
334
91
337
171
176
329
176
367
372
178
334
91
171
181
367
280
178
167
280
112
334
367
165
401
368
82
367
176
112
178
334
372
176
328
104
367
372
327
178
165
334
338
372
174
167
334
165
91
172
178
334
367
372
367
372
326
372
10
165
167
334
367
372
368
176
372
178
178
372
59
334
367
368
178
176
372
372
112
368
178
334
165
178
165
178
171
112
374
367
172
334
112
368
334
372
368
176
63
368
371
334
367
112
171
178
368
176
165
178
176
334
367
372
368
181
368
112
112
112
112
334
165
167
368
176
372
165
368
112
367
334
178
165
372
112
372
112
367
368
367
334
171
112
370
112
112
112
372
165
372
334
167
171
367
367
368
368
112
368
367
334
367
368
178
112
112
368
367
368
367
334
372
372
178
178
112
372
172
112
112
334
165
368
165
112
165
372
372
368
112
334
367
372
165
368
372
367
367
112
368
334
165
364
372
368
372
372
112
119
112
334
112
171
176
368
372
372
112
368
367
334
175
112
112
367
367
368
165
112
112
334
372
372
178
165
112
112
112
176
112
