262
314
164
298
298
316
156
299
304
299
262
161
212
28
172
164
130
19
61
61
262
226
319
244
160
316
1
109
109
185
262
209
231
165
162
298
316
304
299
158
262
165
31
29
83
61
33
168
167
70
262
315
99
164
109
149
159
170
211
157
262
300
163
317
236
164
304
308
208
299
262
1
171
166
164
35
35
165
36
166
262
149
157
109
164
190
193
185
152
109
262
301
305
173
303
306
298
207
302
304
262
130
31
5
3
133
170
129
22
36
262
164
237
164
153
198
30
150
157
170
262
318
296
305
94
100
165
110
164
207
262
189
28
32
36
21
105
61
89
23
262
275
9
199
4
191
164
157
161
170
262
232
2
2
269
154
207
196
160
70
262
178
129
24
171
83
83
130
89
83
262
157
151
170
197
111
239
200
45
157
262
89
89
89
42
112
308
164
89
89
262
277
130
137
106
130
61
89
129
89
262
56
170
197
62
192
89
156
155
89
262
119
263
117
89
89
89
89
70
239
262
137
34
89
89
6
83
83
67
81
262
243
170
70
159
89
186
129
185
137
262
136
136
262
136
128
96
70
89
96
262
287
133
89
103
15
89
89
68
89
262
225
70
143
284
260
287
146
263
211
262
136
239
137
257
287
70
262
145
137
262
116
137
130
130
105
89
130
83
89
262
284
247
136
137
213
263
89
263
137
262
141
136
262
141
89
137
284
129
137
262
89
133
127
40
133
89
81
71
68
262
284
284
137
287
137
129
137
89
136
262
136
137
287
287
281
287
89
89
89
262
129
130
284
287
70
129
89
89
89
262
260
141
284
287
136
89
284
130
89
262
134
89
130
129
141
284
89
89
89
262
89
284
284
83
89
89
87
89
89
262
284
130
130
129
287
287
133
137
284
262
284
130
284
287
89
89
89
89
284
262
89
284
89
89
83
89
82
89
129
262
89
129
141
284
130
89
89
129
129
262
262
89
287
129
129
89
89
89
89
262
89
70
89
137
89
284
96
81
89
262
136
137
129
287
81
129
129
89
284
262
284
136
89
89
89
89
89
284
89
262
129
137
127
284
83
129
89
89
284
262
284
136
287
287
258
284
89
89
89
262
125
10
272
272
69
221
69
220
126
262
258
127
127
41
41
179
113
72
253
262
55
177
177
268
177
246
48
147
187
262
60
38
37
215
217
272
37
104
220
262
174
205
233
72
72
276
188
188
72
262
182
92
228
254
246
72
255
73
120
262
175
270
17
39
98
64
98
264
59
262
146
227
247
233
233
234
271
254
218
262
235
228
25
229
264
177
91
64
256
262
67
18
217
58
273
98
216
69
69
262
260
233
280
127
69
249
72
11
181
262
287
247
247
240
114
143
129
89
258
262
14
89
69
17
106
69
16
59
261
262
127
230
258
243
194
233
127
47
12
262
117
247
259
27
26
101
177
20
284
262
271
308
203
262
80
211
261
270
104
262
245
284
123
264
138
72
176
169
118
262
247
264
267
91
253
247
290
264
107
262
246
57
292
89
73
104
252
127
287
262
121
122
129
180
129
261
284
113
255
262
308
195
92
259
92
130
137
264
284
262
247
284
89
64
89
136
104
143
89
262
210
264
180
131
136
89
129
255
129
262
93
259
262
259
260
91
89
260
262
262
133
262
287
65
89
287
259
129
284
262
290
287
132
284
284
129
77
128
263
262
284
267
136
258
287
124
284
257
147
262
70
130
287
262
137
258
89
89
139
262
50
50
238
286
282
133
89
284
83
262
259
281
263
284
140
287
289
286
262
262
89
259
137
133
284
89
259
130
89
262
238
129
137
284
52
287
70
89
89
262
287
259
130
129
284
259
255
259
287
262
284
287
64
89
287
89
89
89
137
262
130
89
89
284
284
129
129
89
259
262
287
287
137
284
133
137
129
284
287
262
89
89
89
129
89
89
141
89
129
262
89
287
284
284
71
83
137
141
130
262
89
287
129
284
284
133
284
89
89
262
259
284
89
137
89
89
129
89
284
262
129
284
284
287
284
89
287
287
89
262
129
287
284
284
89
284
137
129
283
262
284
89
89
89
129
284
89
133
89
262
284
287
284
137
284
89
83
89
89
262
89
284
136
89
129
284
129
89
89
262
89
89
89
137
287
89
89
89
89
262
287
89
89
89
137
137
137
284
284
262
129
137
136
257
89
129
284
89
89
262
136
136
133
137
287
133
287
137
117
262
141
136
287
133
136
133
133
137
136
262
287
136
287
137
137
136
287
263
133
262
136
136
287
287
143
136
140
133
133
262
287
137
136
133
89
137
263
288
136
262
238
287
136
137
133
137
136
137
259
262
136
136
133
287
137
137
137
133
130
262
87
92
136
136
133
136
136
263
287
262
263
141
137
136
133
137
287
137
137
262
143
136
137
136
137
137
263
287
287
262
89
136
141
146
137
137
137
263
141
262
259
89
287
287
136
133
287
136
72
262
143
287
137
137
135
287
137
284
141
262
136
137
136
116
137
141
133
86
136
262
263
287
259
287
133
136
136
287
133
262
137
136
115
137
137
68
137
133
133
262
287
292
136
137
137
263
130
288
284
262
70
129
88
287
137
89
137
284
89
262
137
263
137
137
68
137
284
70
137
262
137
136
136
70
133
130
284
127
136
262
257
247
137
76
136
133
129
284
136
262
136
136
284
287
124
133
137
70
133
262
284
133
287
130
284
89
130
288
284
262
287
259
287
137
239
144
130
258
287
262
133
136
130
133
283
130
136
287
280
262
136
137
129
130
89
137
129
129
51
262
143
287
133
284
136
133
137
284
287
262
133
129
136
70
265
89
136
130
287
262
137
89
89
89
130
137
89
284
89
262
307
133
284
137
133
284
201
284
136
262
130
141
136
68
88
287
284
133
137
262
133
137
83
129
284
137
89
89
136
262
281
133
89
89
284
136
129
287
130
262
287
136
130
129
283
130
89
137
89
262
89
130
89
89
284
87
89
287
89
262
281
89
284
89
130
89
89
88
89
262
284
89
89
89
284
286
137
89
89
262
287
141
89
89
83
89
89
137
137
262
89
89
284
287
89
284
284
89
89
262
89
287
89
89
133
89
129
284
130
262
136
129
284
89
89
89
89
83
129
262
238
287
284
284
137
129
89
89
284
262
89
89
89
89
89
130
89
89
89
262
89
7
284
284
129
133
89
89
89
262
89
136
287
287
133
284
287
89
284
262
129
89
89
137
287
89
130
89
287
262
89
129
284
89
89
89
89
89
89
262
283
89
287
284
129
284
89
76
136
262
137
262
262
136
287
287
263
136
263
262
136
263
263
65
259
136
137
137
133
262
263
137
287
136
136
137
136
136
141
262
98
263
136
136
136
287
287
262
287
262
135
138
73
136
287
287
129
262
75
262
284
263
141
262
136
263
284
263
287
262
287
137
262
287
127
137
263
287
263
262
130
136
131
136
287
117
287
262
136
262
284
287
136
262
136
287
133
287
137
262
136
136
264
133
136
287
291
136
287
262
263
86
136
259
141
137
262
263
137
262
287
137
287
262
287
137
284
263
137
262
136
287
262
136
98
288
137
130
137
262
130
248
287
137
127
141
133
137
263
262
136
137
136
263
137
136
136
262
287
262
258
137
136
137
136
132
137
127
137
262
183
278
136
137
136
66
137
277
239
262
136
136
287
284
287
287
259
258
262
262
287
262
287
136
137
291
137
130
263
262
89
127
312
89
72
72
137
75
263
262
283
287
130
136
287
141
136
141
137
262
136
103
137
116
257
141
137
287
129
262
133
133
130
137
89
130
130
44
287
262
281
137
284
137
136
141
137
137
136
262
274
287
130
287
130
136
89
136
128
262
129
130
68
136
73
284
287
136
53
262
219
137
204
287
287
137
284
137
137
262
137
137
89
136
68
287
137
262
46
262
48
283
284
137
284
89
89
263
89
262
287
127
129
284
133
136
137
262
284
262
287
260
54
130
284
89
87
130
137
262
129
130
284
129
133
89
89
284
89
262
287
284
89
284
89
87
89
284
137
262
89
260
137
89
284
89
137
83
284
262
184
130
73
313
284
89
89
136
62
262
136
284
284
136
137
263
89
89
284
262
284
137
133
89
259
284
284
90
284
262
84
127
89
284
89
89
89
89
129
262
130
284
130
89
284
129
89
89
89
262
284
284
287
89
288
284
89
89
89
262
284
67
89
89
89
89
285
89
82
262
281
284
284
89
89
89
89
287
89
262
287
130
137
89
51
89
89
129
133
262
287
89
89
89
89
284
89
76
89
262
287
137
89
89
89
287
284
89
89
262
259
129
287
89
89
89
83
89
89
262
284
89
129
89
89
89
284
284
284
262
137
89
89
284
136
89
89
89
89
262
136
133
287
283
136
136
287
135
133
262
129
287
287
136
264
137
262
137
263
262
287
137
137
137
263
141
127
137
48
262
133
263
79
136
133
137
287
259
137
262
263
130
135
136
284
287
263
264
287
262
262
141
135
137
137
137
133
136
287
262
137
136
127
127
136
136
141
287
137
262
263
137
259
136
287
287
136
136
133
262
263
136
257
137
133
89
137
241
79
262
136
137
137
133
136
136
136
263
287
262
284
287
287
287
89
280
137
263
136
262
131
262
287
287
133
137
141
86
136
262
133
287
284
263
136
136
136
262
136
262
287
137
287
71
280
287
137
129
244
262
136
136
287
141
284
137
262
263
262
262
136
136
137
141
137
143
257
137
44
262
206
284
83
73
284
83
287
89
89
262
283
137
136
137
133
136
124
137
219
262
136
127
140
70
136
137
136
262
133
262
89
137
284
133
260
225
73
89
263
262
284
136
136
262
74
70
136
127
262
262
284
284
284
288
137
71
136
263
287
262
67
284
89
89
284
89
129
259
130
262
262
131
49
89
263
137
238
137
136
262
136
283
287
137
136
136
129
135
82
262
129
130
136
136
89
133
89
89
89
262
287
284
287
136
130
284
284
136
288
262
284
129
137
287
137
287
260
283
263
262
284
257
89
89
284
89
89
89
89
262
136
89
133
63
129
284
137
127
139
262
130
244
89
284
137
262
129
133
287
262
142
89
89
89
89
89
89
89
83
262
281
284
136
129
89
284
127
219
284
262
284
89
89
89
108
136
284
136
287
262
136
82
137
284
89
257
89
284
89
262
287
130
89
129
130
129
287
89
284
262
89
130
129
284
89
89
89
89
89
262
133
89
137
89
137
89
140
89
89
262
129
284
284
129
89
129
137
89
129
262
130
89
284
130
89
89
287
89
89
262
284
89
129
133
83
284
129
137
284
262
284
89
129
89
89
129
89
89
89
262
89
89
89
89
89
129
89
89
89
262
129
284
89
129
136
89
284
133
130
262
287
137
89
141
89
89
89
129
284
262
284
287
129
89
89
89
284
89
89
262
284
284
287
89
287
129
89
130
130
262
284
89
287
89
89
89
89
89
89
262
307
250
243
250
136
279
259
136
259
262
244
259
263
310
242
287
124
265
259
262
54
118
218
265
78
223
222
223
97
262
258
265
249
287
265
85
273
270
259
262
262
310
259
259
259
242
261
124
259
262
239
202
148
263
275
265
13
262
136
262
251
264
243
271
85
136
264
140
270
262
43
310
136
262
223
265
259
293
259
262
222
136
129
263
259
273
287
89
259
262
281
279
249
137
273
270
135
214
265
262
222
136
76
259
258
259
311
136
224
262
282
76
276
148
95
89
265
257
259
262
263
265
308
294
287
286
86
287
295
262
161
260
297
259
265
223
139
141
293
262
287
278
262
266
148
259
137
89
259
262
258
258
272
263
261
141
287
287
258
262
262
287
244
259
287
222
257
263
258
262
223
310
78
70
222
102
262
129
76
262
263
246
251
263
137
260
309
133
287
262
259
136
262
269
287
89
136
223
311
262
263
281
89
311
259
137
89
286
263
262
287
287
262
287
284
134
141
287
136
262
141
286
287
311
284
287
258
136
136
262
284
144
287
133
140
137
135
136
287
262
76
263
133
136
259
136
284
287
137
262
76
133
140
284
223
137
130
223
89
262
284
129
311
284
70
284
136
89
137
262
287
136
259
85
284
287
258
137
129
262
263
287
135
130
262
129
76
133
137
262
284
287
284
287
257
287
8
129
130
262
284
287
284
136
287
137
137
287
50
262
284
284
137
136
287
287
89
284
137
262
129
137
129
137
133
89
289
284
133
262
89
284
262
287
284
136
54
284
287
262
284
89
133
137
284
136
129
137
136
262
284
287
284
140
284
89
89
89
89
262
129
130
284
136
287
129
284
89
284
262
137
129
287
89
287
89
284
284
284
262
133
89
286
89
89
89
287
129
287
262
130
133
284
284
284
284
89
284
284
262
284
284
137
89
89
284
284
284
284
262
287
287
137
137
89
287
133
89
89
262
129
284
129
89
129
287
287
284
89
262
284
287
129
284
287
284
284
89
284
262
129
282
287
284
287
287
89
95
89
262
89
133
136
284
287
287
89
284
284
262
136
89
89
284
284
284
129
89
89
262
287
287
137
129
89
89
89
136
89
