205
239
128
228
228
241
122
228
233
228
205
126
168
25
134
128
105
18
49
49
205
179
244
193
125
241
1
89
89
146
205
165
184
129
126
228
241
233
228
123
205
129
27
26
66
49
28
131
130
56
205
240
80
128
89
116
124
133
167
123
205
229
127
242
187
128
233
236
164
228
205
1
134
129
128
29
29
129
30
129
205
116
123
89
128
150
152
146
118
89
205
230
234
135
232
234
228
163
231
233
205
105
27
5
3
106
133
104
20
30
205
128
188
128
119
155
26
116
123
133
205
243
227
234
76
81
129
90
128
163
205
149
25
27
30
19
85
49
72
20
205
213
9
156
4
150
128
123
126
133
205
184
2
2
210
120
163
154
125
56
205
140
104
21
134
66
66
105
72
66
205
123
117
133
155
90
189
157
37
123
205
72
72
72
35
91
236
128
72
72
205
214
105
108
86
105
49
72
104
72
205
44
133
155
50
151
72
122
121
72
205
97
205
95
72
72
72
72
56
189
205
108
28
72
72
6
66
66
54
65
205
192
133
56
124
72
146
104
146
108
205
108
108
205
108
103
77
56
72
77
205
220
106
72
83
14
72
72
54
72
205
179
56
112
219
204
220
113
205
167
205
108
189
108
202
220
56
205
112
108
205
95
108
105
105
85
72
105
66
72
205
219
195
108
108
169
205
72
205
108
205
110
108
205
110
72
108
219
104
108
205
72
106
102
33
106
72
65
56
54
205
219
219
108
220
108
104
108
72
108
205
108
108
220
220
218
220
72
72
72
205
104
105
219
220
56
104
72
72
72
205
204
110
219
220
108
72
219
105
72
205
107
72
105
104
110
219
72
72
72
205
72
219
219
66
72
72
70
72
72
205
219
105
105
104
220
220
106
108
219
205
219
105
219
220
72
72
72
72
219
205
72
219
72
72
66
72
66
72
104
205
72
104
110
219
105
72
72
104
104
205
205
72
220
104
104
72
72
72
72
205
72
56
72
108
72
219
77
65
72
205
108
108
104
220
65
104
104
72
219
205
219
108
72
72
72
72
72
219
72
205
104
108
102
219
66
104
72
72
219
205
219
108
220
220
203
219
72
72
72
205
101
10
212
212
55
176
55
175
101
205
203
102
102
34
34
141
92
57
200
205
43
139
139
209
139
195
40
114
147
205
48
31
31
171
173
212
31
84
175
205
136
161
185
57
57
213
148
148
57
205
143
74
181
200
195
57
201
57
97
205
137
210
16
32
79
52
79
206
47
205
113
180
195
185
185
186
211
200
174
205
186
181
22
182
206
139
74
52
201
205
54
17
173
46
212
79
172
55
55
205
204
185
217
102
55
197
57
11
142
205
220
195
195
190
93
112
104
72
203
205
13
72
55
16
86
55
15
47
204
205
102
183
203
192
152
185
102
39
12
205
95
195
203
24
23
82
139
18
219
205
211
236
160
205
64
167
204
210
84
205
194
219
99
206
109
57
138
132
96
205
195
206
209
74
200
195
222
206
87
205
195
45
224
72
57
84
199
102
220
205
98
98
104
142
104
204
219
92
201
205
236
153
74
203
74
105
108
206
219
205
195
219
72
52
72
108
84
112
72
205
166
206
142
106
108
72
104
201
104
205
75
203
205
203
204
74
72
204
205
205
106
205
220
53
72
220
203
104
219
205
222
220
106
219
219
104
61
103
205
205
219
209
108
203
220
100
219
202
114
205
56
105
220
205
108
203
72
72
109
205
41
41
189
220
218
106
72
219
66
205
203
218
205
219
109
220
221
220
205
205
72
203
108
106
219
72
203
105
72
205
189
104
108
219
42
220
56
72
72
205
220
203
105
104
219
203
201
203
220
205
219
220
52
72
220
72
72
72
108
205
105
72
72
219
219
104
104
72
203
205
220
220
108
219
106
108
104
219
220
205
72
72
72
104
72
72
110
72
104
205
72
220
219
219
56
66
108
110
105
205
72
220
104
219
219
106
219
72
72
205
203
219
72
108
72
72
104
72
219
205
104
219
219
220
219
72
220
220
72
205
104
220
219
219
72
219
108
104
219
205
219
72
72
72
104
219
72
106
72
205
219
220
219
108
219
72
66
72
72
205
72
219
108
72
104
219
104
72
72
205
72
72
72
108
220
72
72
72
72
205
220
72
72
72
108
108
108
219
219
205
104
108
108
202
72
104
219
72
72
205
108
108
106
108
220
106
220
108
95
205
110
108
220
106
108
106
106
108
108
205
220
108
220
108
108
108
220
205
106
205
108
108
220
220
112
108
109
106
106
205
220
108
108
106
72
108
205
221
108
205
189
220
108
108
106
108
108
108
203
205
108
108
106
220
108
108
108
106
105
205
70
74
108
108
106
108
108
205
220
205
205
110
108
108
106
108
220
108
108
205
112
108
108
108
108
108
205
220
220
205
72
108
110
113
108
108
108
205
110
205
203
72
220
220
108
106
220
108
57
205
112
220
108
108
107
220
108
219
110
205
108
108
108
95
108
110
106
69
108
205
205
220
203
220
106
108
108
220
106
205
108
108
94
108
108
54
108
106
106
205
220
224
108
108
108
205
105
221
219
205
56
104
71
220
108
72
108
219
72
205
108
205
108
108
54
108
219
56
108
205
108
108
108
56
106
105
219
102
108
205
202
195
108
60
108
106
104
219
108
205
108
108
219
220
100
106
108
56
106
205
219
106
220
105
219
72
105
221
219
205
220
203
220
108
189
112
105
203
220
205
106
108
105
106
219
105
108
220
217
205
108
108
104
105
72
108
104
104
41
205
112
220
106
219
108
106
108
219
220
205
106
104
108
56
207
72
108
105
220
205
108
72
72
72
105
108
72
219
72
205
235
106
219
108
106
219
158
219
108
205
105
110
108
54
71
220
219
106
108
205
106
108
66
104
219
108
72
72
108
205
218
106
72
72
219
108
104
220
105
205
220
108
105
104
219
105
72
108
72
205
72
105
72
72
219
70
72
220
72
205
218
72
219
72
105
72
72
71
72
205
219
72
72
72
219
220
108
72
72
205
220
110
72
72
66
72
72
108
108
205
72
72
219
220
72
219
219
72
72
205
72
220
72
72
106
72
104
219
105
205
108
104
219
72
72
72
72
66
104
205
189
220
219
219
108
104
72
72
219
205
72
72
72
72
72
105
72
72
72
205
72
7
219
219
104
106
72
72
72
205
72
108
220
220
106
219
220
72
219
205
104
72
72
108
220
72
105
72
220
205
72
104
219
72
72
72
72
72
72
205
219
72
220
219
104
219
72
60
108
205
108
205
205
108
220
220
205
108
205
205
108
205
205
53
203
108
108
108
106
205
205
108
220
108
108
108
108
108
110
205
79
205
108
108
108
220
220
205
220
205
107
109
57
108
220
220
104
205
59
205
219
205
110
205
108
205
219
205
220
205
220
108
205
220
102
108
205
220
205
205
105
108
106
108
220
95
220
205
108
205
219
220
108
205
108
220
106
220
108
205
108
108
206
106
108
220
223
108
220
205
205
69
108
203
110
108
205
205
108
205
220
108
220
205
220
108
219
205
108
205
108
220
205
108
79
221
108
105
108
205
105
196
220
108
102
110
106
108
205
205
108
108
108
205
108
108
108
205
220
205
203
108
108
108
108
106
108
102
108
205
144
215
108
108
108
53
108
214
189
205
108
108
220
219
220
220
203
203
205
205
220
205
220
108
108
223
108
105
205
205
72
102
238
72
57
57
108
59
205
205
219
220
105
108
220
110
108
110
108
205
108
83
108
95
202
110
108
220
104
205
106
106
105
108
72
105
105
37
220
205
218
108
219
108
108
110
108
108
108
205
212
220
105
220
105
108
72
108
103
205
104
105
54
108
57
219
220
108
42
205
174
108
160
220
220
108
219
108
108
205
108
108
72
108
54
220
108
205
38
205
40
219
219
108
219
72
72
205
72
205
220
102
104
219
106
108
108
205
219
205
220
204
43
105
219
72
70
105
108
205
104
105
219
104
106
72
72
219
72
205
220
219
72
219
72
70
72
219
108
205
72
204
108
72
219
72
108
66
219
205
145
105
57
238
219
72
72
108
50
205
108
219
219
108
108
205
72
72
219
205
219
108
106
72
203
219
219
73
219
205
67
102
72
219
72
72
72
72
104
205
105
219
105
72
219
104
72
72
72
205
219
219
220
72
221
219
72
72
72
205
219
54
72
72
72
72
219
72
66
205
218
219
219
72
72
72
72
220
72
205
220
105
108
72
41
72
72
104
106
205
220
72
72
72
72
219
72
60
72
205
220
108
72
72
72
220
219
72
72
205
203
104
220
72
72
72
66
72
72
205
219
72
104
72
72
72
219
219
219
205
108
72
72
219
108
72
72
72
72
205
108
106
220
219
108
108
220
107
106
205
104
220
220
108
206
108
205
108
205
205
220
108
108
108
205
110
102
108
40
205
106
205
63
108
106
108
220
203
108
205
205
105
107
108
219
220
205
206
220
205
205
110
107
108
108
108
106
108
220
205
108
108
102
102
108
108
110
220
108
205
205
108
203
108
220
220
108
108
106
205
205
108
202
108
106
72
108
190
63
205
108
108
108
106
108
108
108
205
220
205
219
220
220
220
72
217
108
205
108
205
106
205
220
220
106
108
110
69
108
205
106
220
219
205
108
108
108
205
108
205
220
108
220
56
217
220
108
104
193
205
108
108
220
110
219
108
205
205
205
205
108
108
108
110
108
112
202
108
37
205
162
219
66
57
219
66
220
72
72
205
219
108
108
108
106
108
100
108
174
205
108
102
109
56
108
108
108
205
106
205
72
108
219
106
204
179
57
72
205
205
219
108
108
205
58
56
108
102
205
205
219
219
219
221
108
56
108
205
220
205
54
219
72
72
219
72
104
203
105
205
205
106
40
72
205
108
189
108
108
205
108
219
220
108
108
108
104
107
66
205
104
105
108
108
72
106
72
72
72
205
220
219
220
108
105
219
219
108
221
205
219
104
108
220
108
220
204
219
205
205
219
202
72
72
219
72
72
72
72
205
108
72
106
51
104
219
108
102
109
205
105
193
72
219
108
205
104
106
220
205
111
72
72
72
72
72
72
72
66
205
218
219
108
104
72
219
102
174
219
205
219
72
72
72
88
108
219
108
220
205
108
66
108
219
72
202
72
219
72
205
220
105
72
104
105
104
220
72
219
205
72
105
104
219
72
72
72
72
72
205
106
72
108
72
108
72
109
72
72
205
104
219
219
104
72
104
108
72
104
205
105
72
219
105
72
72
220
72
72
205
219
72
104
106
66
219
104
108
219
205
219
72
104
72
72
104
72
72
72
205
72
72
72
72
72
104
72
72
72
205
104
219
72
104
108
72
219
106
105
205
220
108
72
110
72
72
72
104
219
205
219
220
104
72
72
72
219
72
72
205
219
219
220
72
220
104
72
105
105
205
219
72
220
72
72
72
72
72
72
205
235
198
192
198
108
216
203
108
203
205
193
203
205
237
191
220
100
207
203
205
43
96
174
207
62
178
177
178
78
205
203
207
197
220
207
68
212
210
203
205
205
237
203
203
203
191
204
100
203
205
189
159
115
205
213
207
12
205
108
205
198
206
192
211
68
108
206
109
210
205
36
237
108
205
178
207
203
225
203
205
177
108
104
205
203
212
220
72
203
205
218
216
197
108
212
210
107
170
207
205
177
108
60
203
203
203
237
108
178
205
218
60
213
115
77
72
207
202
203
205
205
207
236
226
220
220
69
220
226
205
126
204
227
203
207
178
109
110
225
205
220
215
205
208
115
203
108
72
203
205
203
203
212
205
204
110
220
220
203
205
205
220
193
203
220
177
202
205
203
205
178
237
62
56
177
82
205
104
60
205
205
195
198
205
108
204
236
106
220
205
203
108
205
210
220
72
108
178
237
205
205
218
72
237
203
108
72
220
205
205
220
220
205
220
219
107
110
220
108
205
110
220
220
237
219
220
203
108
108
205
219
112
220
106
109
108
107
108
220
205
60
205
106
108
203
108
219
220
108
205
60
106
109
219
178
108
105
178
72
205
219
104
237
219
56
219
108
72
108
205
220
108
203
68
219
220
203
108
104
205
205
220
107
105
205
104
60
106
108
205
219
220
219
220
202
220
8
104
105
205
219
220
219
108
220
108
108
220
41
205
219
219
108
108
220
220
72
219
108
205
104
108
104
108
106
72
221
219
106
205
72
219
205
220
219
108
43
219
220
205
219
72
106
108
219
108
104
108
108
205
219
220
219
109
219
72
72
72
72
205
104
105
219
108
220
104
219
72
219
205
108
104
220
72
220
72
219
219
219
205
106
72
220
72
72
72
220
104
220
205
105
106
219
219
219
219
72
219
219
205
219
219
108
72
72
219
219
219
219
205
220
220
108
108
72
220
106
72
72
205
104
219
104
72
104
220
220
219
72
205
219
220
104
219
220
219
219
72
219
205
104
218
220
219
220
220
72
77
72
205
72
106
108
219
220
220
72
219
219
205
108
72
72
219
219
219
104
72
72
205
220
220
108
104
72
72
72
108
72
