161
185
105
176
176
187
100
176
180
176
161
103
133
24
108
105
88
18
45
45
161
141
190
151
102
187
1
75
75
117
161
131
144
106
103
176
187
180
176
100
161
106
26
25
57
45
27
107
106
50
161
186
68
105
75
95
101
108
133
100
161
176
104
188
147
105
180
182
130
176
161
1
108
106
105
28
28
106
28
106
161
95
100
75
105
119
121
117
97
75
161
177
181
109
179
181
176
129
178
180
161
88
26
5
3
88
108
87
20
28
161
105
147
105
98
123
25
95
100
108
161
189
175
181
64
68
106
76
105
129
161
118
24
26
28
19
72
45
60
20
161
166
9
124
4
119
105
100
103
108
161
144
2
2
164
99
129
122
102
50
161
114
87
21
108
57
57
88
60
57
161
100
96
108
123
76
148
124
34
100
161
60
60
60
32
77
182
105
60
60
161
167
88
89
73
88
45
60
87
60
161
41
108
123
46
120
60
100
99
60
161
82
161
80
60
60
60
60
50
148
161
89
27
60
60
6
57
57
48
56
161
151
108
50
101
60
117
87
117
89
161
89
89
161
89
87
65
50
60
65
161
170
88
60
70
14
60
60
48
60
161
141
50
92
170
160
170
93
161
133
161
89
148
89
159
170
50
161
92
89
161
80
89
88
88
72
60
88
57
60
161
170
153
89
89
133
161
60
161
89
161
91
89
161
91
60
89
170
87
89
161
60
88
86
30
88
60
56
50
48
161
170
170
89
170
89
87
89
60
89
161
89
89
170
170
169
170
60
60
60
161
87
88
170
170
50
87
60
60
60
161
160
91
170
170
89
60
170
88
60
161
89
60
88
87
91
170
60
60
60
161
60
170
170
57
60
60
59
60
60
161
170
88
88
87
170
170
88
89
170
161
170
88
170
170
60
60
60
60
170
161
60
170
60
60
57
60
57
60
87
161
60
87
91
170
88
60
60
87
87
161
161
60
170
87
87
60
60
60
60
161
60
50
60
89
60
170
65
56
60
161
89
89
87
170
56
87
87
60
170
161
170
89
60
60
60
60
60
170
60
161
87
89
86
170
57
87
60
60
170
161
170
89
170
170
159
170
60
60
60
161
85
10
165
165
49
139
49
138
85
161
159
86
86
31
31
114
78
51
157
161
40
113
113
163
113
153
37
94
117
161
44
29
29
135
137
165
29
71
138
161
110
128
145
51
51
166
118
118
51
161
115
62
143
157
153
51
158
51
82
161
111
164
16
29
67
47
67
161
44
161
93
142
153
145
145
146
165
157
137
161
146
143
22
143
161
113
62
47
158
161
48
17
137
43
165
67
136
49
49
161
160
145
168
86
49
155
51
11
115
161
170
153
153
149
78
92
87
60
159
161
13
60
49
16
73
49
15
44
160
161
86
143
159
151
121
145
86
36
12
161
80
153
159
23
22
69
113
18
170
161
165
182
127
161
55
133
160
164
71
161
152
170
84
161
90
51
112
107
81
161
153
161
163
62
157
153
171
161
73
161
153
42
172
60
51
71
156
86
170
161
83
83
87
115
87
160
170
78
158
161
182
121
62
159
62
88
89
161
170
161
153
170
60
47
60
89
71
92
60
161
132
161
115
88
89
60
87
158
87
161
63
159
161
159
160
62
60
160
161
161
88
161
170
47
60
170
159
87
170
161
171
170
88
170
170
87
53
87
161
161
170
163
89
159
170
85
170
159
94
161
50
88
170
161
89
159
60
60
90
161
38
38
148
170
169
88
60
170
57
161
159
169
161
170
90
170
170
170
161
161
60
159
89
88
170
60
159
88
60
161
148
87
89
170
39
170
50
60
60
161
170
159
88
87
170
159
158
159
170
161
170
170
47
60
170
60
60
60
89
161
88
60
60
170
170
87
87
60
159
161
170
170
89
170
88
89
87
170
170
161
60
60
60
87
60
60
91
60
87
161
60
170
170
170
50
57
89
91
88
161
60
170
87
170
170
88
170
60
60
161
159
170
60
89
60
60
87
60
170
161
87
170
170
170
170
60
170
170
60
161
87
170
170
170
60
170
89
87
170
161
170
60
60
60
87
170
60
88
60
161
170
170
170
89
170
60
57
60
60
161
60
170
89
60
87
170
87
60
60
161
60
60
60
89
170
60
60
60
60
161
170
60
60
60
89
89
89
170
170
161
87
89
89
159
60
87
170
60
60
161
89
89
88
89
170
88
170
89
80
161
91
89
170
88
89
88
88
89
89
161
170
89
170
89
89
89
170
161
88
161
89
89
170
170
92
89
90
88
88
161
170
89
89
88
60
89
161
170
89
161
148
170
89
89
88
89
89
89
159
161
89
89
88
170
89
89
89
88
88
161
59
62
89
89
88
89
89
161
170
161
161
91
89
89
88
89
170
89
89
161
92
89
89
89
89
89
161
170
170
161
60
89
91
93
89
89
89
161
91
161
159
60
170
170
89
88
170
89
51
161
92
170
89
89
89
170
89
170
91
161
89
89
89
80
89
91
88
58
89
161
161
170
159
170
88
89
89
170
88
161
89
89
79
89
89
48
89
88
88
161
170
172
89
89
89
161
88
170
170
161
50
87
60
170
89
60
89
170
60
161
89
161
89
89
48
89
170
50
89
161
89
89
89
50
88
88
170
86
89
161
159
153
89
53
89
88
87
170
89
161
89
89
170
170
85
88
89
50
88
161
170
88
170
88
170
60
88
170
170
161
170
159
170
89
148
92
88
159
170
161
88
89
88
88
170
88
89
170
168
161
89
89
87
88
60
89
87
87
38
161
92
170
88
170
89
88
89
170
170
161
88
87
89
50
161
60
89
88
170
161
89
60
60
60
88
89
60
170
60
161
182
88
170
89
88
170
125
170
89
161
88
91
89
48
60
170
170
88
89
161
88
89
57
87
170
89
60
60
89
161
169
88
60
60
170
89
87
170
88
161
170
89
88
87
170
88
60
89
60
161
60
88
60
60
170
59
60
170
60
161
169
60
170
60
88
60
60
60
60
161
170
60
60
60
170
170
89
60
60
161
170
91
60
60
57
60
60
89
89
161
60
60
170
170
60
170
170
60
60
161
60
170
60
60
88
60
87
170
88
161
89
87
170
60
60
60
60
57
87
161
148
170
170
170
89
87
60
60
170
161
60
60
60
60
60
88
60
60
60
161
60
7
170
170
87
88
60
60
60
161
60
89
170
170
88
170
170
60
170
161
87
60
60
89
170
60
88
60
170
161
60
87
170
60
60
60
60
60
60
161
170
60
170
170
87
170
60
53
89
161
89
161
161
89
170
170
161
89
161
161
89
161
161
47
159
89
89
89
88
161
161
89
170
89
89
89
89
89
91
161
67
161
89
89
89
170
170
161
170
161
89
90
51
89
170
170
87
161
52
161
170
161
91
161
89
161
170
161
170
161
170
89
161
170
86
89
161
170
161
161
88
89
88
89
170
80
170
161
89
161
170
170
89
161
89
170
88
170
89
161
89
89
161
88
89
170
172
89
170
161
161
58
89
159
91
89
161
161
89
161
170
89
170
161
170
89
170
161
89
161
89
170
161
89
67
170
89
88
89
161
88
154
170
89
86
91
88
89
161
161
89
89
89
161
89
89
89
161
170
161
159
89
89
89
89
88
89
86
89
161
116
167
89
89
89
47
89
167
148
161
89
89
170
170
170
170
159
159
161
161
170
161
170
89
89
172
89
88
161
161
60
86
184
60
51
51
89
52
161
161
170
170
88
89
170
91
89
91
89
161
89
70
89
80
159
91
89
170
87
161
88
88
88
89
60
88
88
34
170
161
169
89
170
89
89
91
89
89
89
161
165
170
88
170
88
89
60
89
87
161
87
88
48
89
51
170
170
89
39
161
137
89
127
170
170
89
170
89
89
161
89
89
60
89
48
170
89
161
35
161
37
170
170
89
170
60
60
161
60
161
170
86
87
170
88
89
89
161
170
161
170
160
40
88
170
60
59
88
89
161
87
88
170
87
88
60
60
170
60
161
170
170
60
170
60
59
60
170
89
161
60
160
89
60
170
60
89
57
170
161
116
88
51
184
170
60
60
89
46
161
89
170
170
89
89
161
60
60
170
161
170
89
88
60
159
170
170
61
170
161
57
86
60
170
60
60
60
60
87
161
88
170
88
60
170
87
60
60
60
161
170
170
170
60
170
170
60
60
60
161
170
48
60
60
60
60
170
60
57
161
169
170
170
60
60
60
60
170
60
161
170
88
89
60
38
60
60
87
88
161
170
60
60
60
60
170
60
53
60
161
170
89
60
60
60
170
170
60
60
161
159
87
170
60
60
60
57
60
60
161
170
60
87
60
60
60
170
170
170
161
89
60
60
170
89
60
60
60
60
161
89
88
170
170
89
89
170
89
88
161
87
170
170
89
161
89
161
89
161
161
170
89
89
89
161
91
86
89
37
161
88
161
55
89
88
89
170
159
89
161
161
88
89
89
170
170
161
161
170
161
161
91
89
89
89
89
88
89
170
161
89
89
86
86
89
89
91
170
89
161
161
89
159
89
170
170
89
89
88
161
161
89
159
89
88
60
89
149
55
161
89
89
89
88
89
89
89
161
170
161
170
170
170
170
60
168
89
161
89
161
88
161
170
170
88
89
91
58
89
161
88
170
170
161
89
89
89
161
89
161
170
89
170
50
168
170
89
87
151
161
89
89
170
91
170
89
161
161
161
161
89
89
89
91
89
92
159
89
34
161
128
170
57
51
170
57
170
60
60
161
170
89
89
89
88
89
85
89
137
161
89
86
90
50
89
89
89
161
88
161
60
89
170
88
160
141
51
60
161
161
170
89
89
161
51
50
89
86
161
161
170
170
170
170
89
50
89
161
170
161
48
170
60
60
170
60
87
159
88
161
161
88
37
60
161
89
148
89
89
161
89
170
170
89
89
89
87
89
57
161
87
88
89
89
60
88
60
60
60
161
170
170
170
89
88
170
170
89
170
161
170
87
89
170
89
170
160
170
161
161
170
159
60
60
170
60
60
60
60
161
89
60
88
46
87
170
89
86
90
161
88
151
60
170
89
161
87
88
170
161
91
60
60
60
60
60
60
60
57
161
169
170
89
87
60
170
86
137
170
161
170
60
60
60
74
89
170
89
170
161
89
57
89
170
60
159
60
170
60
161
170
88
60
87
88
87
170
60
170
161
60
88
87
170
60
60
60
60
60
161
88
60
89
60
89
60
90
60
60
161
87
170
170
87
60
87
89
60
87
161
88
60
170
88
60
60
170
60
60
161
170
60
87
88
57
170
87
89
170
161
170
60
87
60
60
87
60
60
60
161
60
60
60
60
60
87
60
60
60
161
87
170
60
87
89
60
170
88
88
161
170
89
60
91
60
60
60
87
170
161
170
170
87
60
60
60
170
60
60
161
170
170
170
60
170
87
60
88
88
161
170
60
170
60
60
60
60
60
60
161
182
155
151
155
89
168
159
89
159
161
151
159
161
183
150
170
85
161
159
161
40
81
137
161
54
140
140
140
66
161
159
161
155
170
161
58
165
164
159
161
161
183
159
159
159
150
160
85
159
161
148
126
94
161
166
161
12
161
89
161
155
161
151
165
58
89
161
90
164
161
33
183
89
161
140
161
159
173
159
161
140
89
87
161
159
165
170
60
159
161
169
168
155
89
165
164
89
134
161
161
140
89
53
159
159
159
183
89
140
161
169
53
166
94
65
60
161
159
159
161
161
161
182
174
170
170
58
170
174
161
103
160
175
159
161
140
90
91
173
161
170
167
161
162
94
159
89
60
159
161
159
159
165
161
160
91
170
170
159
161
161
170
151
159
170
140
159
161
159
161
140
183
54
50
140
69
161
87
53
161
161
153
155
161
89
160
182
88
170
161
159
89
161
164
170
60
89
140
183
161
161
169
60
183
159
89
60
170
161
161
170
170
161
170
170
89
91
170
89
161
91
170
170
183
170
170
159
89
89
161
170
92
170
88
90
89
89
89
170
161
53
161
88
89
159
89
170
170
89
161
53
88
90
170
140
89
88
140
60
161
170
87
183
170
50
170
89
60
89
161
170
89
159
58
170
170
159
89
87
161
161
170
89
88
161
87
53
88
89
161
170
170
170
170
159
170
8
87
88
161
170
170
170
89
170
89
89
170
38
161
170
170
89
89
170
170
60
170
89
161
87
89
87
89
88
60
170
170
88
161
60
170
161
170
170
89
40
170
170
161
170
60
88
89
170
89
87
89
89
161
170
170
170
90
170
60
60
60
60
161
87
88
170
89
170
87
170
60
170
161
89
87
170
60
170
60
170
170
170
161
88
60
170
60
60
60
170
87
170
161
88
88
170
170
170
170
60
170
170
161
170
170
89
60
60
170
170
170
170
161
170
170
89
89
60
170
88
60
60
161
87
170
87
60
87
170
170
170
60
161
170
170
87
170
170
170
170
60
170
161
87
169
170
170
170
170
60
65
60
161
60
88
89
170
170
170
60
170
170
161
89
60
60
170
170
170
87
60
60
161
170
170
89
87
60
60
60
89
60
