131
149
85
142
142
151
83
142
145
142
131
84
111
22
87
85
75
16
42
42
131
118
153
126
83
151
1
65
65
96
131
109
121
85
84
142
151
145
142
83
131
85
23
22
51
42
24
86
85
46
131
150
58
85
65
80
83
87
111
83
131
142
84
151
124
85
145
146
108
142
131
1
87
85
85
25
25
85
25
85
131
80
83
65
85
98
99
96
80
65
131
143
145
88
144
145
142
107
143
145
131
75
23
4
2
75
87
74
18
25
131
85
124
85
81
101
22
80
83
87
131
152
141
145
56
58
85
66
85
107
131
97
22
23
25
17
62
42
54
18
131
135
8
102
3
98
85
83
84
87
131
121
1
1
134
82
107
100
83
46
131
93
74
19
87
51
51
75
54
51
131
83
80
87
101
66
125
102
31
83
131
54
54
54
29
67
146
85
54
54
131
136
75
76
63
75
42
54
74
54
131
38
87
101
43
98
54
83
82
54
131
71
131
70
54
54
54
54
46
125
131
76
24
54
54
5
51
51
44
50
131
126
87
46
83
54
96
74
96
76
131
76
76
131
76
74
57
46
54
57
131
137
75
54
60
13
54
54
44
54
131
118
46
77
137
131
137
78
131
111
131
76
125
76
130
137
46
131
77
76
131
70
76
75
75
62
54
75
51
54
131
137
127
76
76
111
131
54
131
76
131
76
76
131
76
54
76
137
74
76
131
54
75
74
27
75
54
50
46
44
131
137
137
76
137
76
74
76
54
76
131
76
76
137
137
137
137
54
54
54
131
74
75
137
137
46
74
54
54
54
131
131
76
137
137
76
54
137
75
54
131
76
54
75
74
76
137
54
54
54
131
54
137
137
51
54
54
53
54
54
131
137
75
75
74
137
137
75
76
137
131
137
75
137
137
54
54
54
54
137
131
54
137
54
54
51
54
51
54
74
131
54
74
76
137
75
54
54
74
74
131
131
54
137
74
74
54
54
54
54
131
54
46
54
76
54
137
57
50
54
131
76
76
74
137
50
74
74
54
137
131
137
76
54
54
54
54
54
137
54
131
74
76
74
137
51
74
54
54
137
131
137
76
137
137
130
137
54
54
54
131
73
9
134
134
45
116
45
115
73
131
130
74
74
28
28
93
68
46
129
131
37
92
92
133
92
127
34
79
96
131
41
26
26
113
114
134
26
61
115
131
89
106
122
46
46
135
97
97
46
131
94
55
120
129
127
46
129
46
71
131
90
134
14
26
58
43
58
131
41
131
78
119
127
122
122
123
134
129
114
131
123
120
20
120
131
92
55
43
129
131
44
15
114
40
134
58
113
45
45
131
131
122
136
74
45
128
46
10
94
131
137
127
127
125
68
77
74
54
130
131
12
54
45
14
63
45
13
41
131
131
74
120
130
126
99
122
74
33
11
131
70
127
130
21
20
59
92
16
137
131
134
146
105
131
49
111
131
134
61
131
126
137
72
131
76
46
91
86
71
131
127
131
133
55
129
127
138
131
63
131
127
39
138
54
46
61
128
74
137
131
72
72
74
94
74
131
137
68
129
131
146
99
55
130
55
75
76
131
137
131
127
137
54
43
54
76
61
77
54
131
110
131
94
75
76
54
74
129
74
131
55
130
131
130
131
55
54
131
131
131
75
131
137
43
54
137
130
74
137
131
138
137
75
137
137
74
48
74
131
131
137
133
76
130
137
73
137
130
79
131
46
75
137
131
76
130
54
54
76
131
35
35
125
137
137
75
54
137
51
131
130
137
131
137
76
137
137
137
131
131
54
130
76
75
137
54
130
75
54
131
125
74
76
137
36
137
46
54
54
131
137
130
75
74
137
130
129
130
137
131
137
137
43
54
137
54
54
54
76
131
75
54
54
137
137
74
74
54
130
131
137
137
76
137
75
76
74
137
137
131
54
54
54
74
54
54
76
54
74
131
54
137
137
137
46
51
76
76
75
131
54
137
74
137
137
75
137
54
54
131
130
137
54
76
54
54
74
54
137
131
74
137
137
137
137
54
137
137
54
131
74
137
137
137
54
137
76
74
137
131
137
54
54
54
74
137
54
75
54
131
137
137
137
76
137
54
51
54
54
131
54
137
76
54
74
137
74
54
54
131
54
54
54
76
137
54
54
54
54
131
137
54
54
54
76
76
76
137
137
131
74
76
76
130
54
74
137
54
54
131
76
76
75
76
137
75
137
76
70
131
76
76
137
75
76
75
75
76
76
131
137
76
137
76
76
76
137
131
75
131
76
76
137
137
77
76
76
75
75
131
137
76
76
75
54
76
131
137
76
131
125
137
76
76
75
76
76
76
130
131
76
76
75
137
76
76
76
75
75
131
53
55
76
76
75
76
76
131
137
131
131
76
76
76
75
76
137
76
76
131
77
76
76
76
76
76
131
137
137
131
54
76
76
78
76
76
76
131
76
131
130
54
137
137
76
75
137
76
46
131
77
137
76
76
76
137
76
137
76
131
76
76
76
70
76
76
75
52
76
131
131
137
130
137
75
76
76
137
75
131
76
76
69
76
76
44
76
75
75
131
137
138
76
76
76
131
75
137
137
131
46
74
54
137
76
54
76
137
54
131
76
131
76
76
44
76
137
46
76
131
76
76
76
46
75
75
137
74
76
131
130
127
76
48
76
75
74
137
76
131
76
76
137
137
73
75
76
46
75
131
137
75
137
75
137
54
75
137
137
131
137
130
137
76
125
77
75
130
137
131
75
76
75
75
137
75
76
137
136
131
76
76
74
75
54
76
74
74
35
131
77
137
75
137
76
75
76
137
137
131
75
74
76
46
131
54
76
75
137
131
76
54
54
54
75
76
54
137
54
131
146
75
137
76
75
137
103
137
76
131
75
76
76
44
54
137
137
75
76
131
75
76
51
74
137
76
54
54
76
131
137
75
54
54
137
76
74
137
75
131
137
76
75
74
137
75
54
76
54
131
54
75
54
54
137
53
54
137
54
131
137
54
137
54
75
54
54
54
54
131
137
54
54
54
137
137
76
54
54
131
137
76
54
54
51
54
54
76
76
131
54
54
137
137
54
137
137
54
54
131
54
137
54
54
75
54
74
137
75
131
76
74
137
54
54
54
54
51
74
131
125
137
137
137
76
74
54
54
137
131
54
54
54
54
54
75
54
54
54
131
54
6
137
137
74
75
54
54
54
131
54
76
137
137
75
137
137
54
137
131
74
54
54
76
137
54
75
54
137
131
54
74
137
54
54
54
54
54
54
131
137
54
137
137
74
137
54
48
76
131
76
131
131
76
137
137
131
76
131
131
76
131
131
43
130
76
76
76
75
131
131
76
137
76
76
76
76
76
76
131
58
131
76
76
76
137
137
131
137
131
76
76
46
76
137
137
74
131
47
131
137
131
76
131
76
131
137
131
137
131
137
76
131
137
74
76
131
137
131
131
75
76
75
76
137
70
137
131
76
131
137
137
76
131
76
137
75
137
76
131
76
76
131
75
76
137
138
76
137
131
131
52
76
130
76
76
131
131
76
131
137
76
137
131
137
76
137
131
76
131
76
137
131
76
58
137
76
75
76
131
75
127
137
76
74
76
75
76
131
131
76
76
76
131
76
76
76
131
137
131
130
76
76
76
76
75
76
74
76
131
95
136
76
76
76
43
76
136
125
131
76
76
137
137
137
137
130
130
131
131
137
131
137
76
76
138
76
75
131
131
54
74
148
54
46
46
76
47
131
131
137
137
75
76
137
76
76
76
76
131
76
60
76
70
130
76
76
137
74
131
75
75
75
76
54
75
75
31
137
131
137
76
137
76
76
76
76
76
76
131
134
137
75
137
75
76
54
76
74
131
74
75
44
76
46
137
137
76
36
131
114
76
105
137
137
76
137
76
76
131
76
76
54
76
44
137
76
131
32
131
34
137
137
76
137
54
54
131
54
131
137
74
74
137
75
76
76
131
137
131
137
131
37
75
137
54
53
75
76
131
74
75
137
74
75
54
54
137
54
131
137
137
54
137
54
53
54
137
76
131
54
131
76
54
137
54
76
51
137
131
95
75
46
148
137
54
54
76
43
131
76
137
137
76
76
131
54
54
137
131
137
76
75
54
130
137
137
54
137
131
51
74
54
137
54
54
54
54
74
131
75
137
75
54
137
74
54
54
54
131
137
137
137
54
137
137
54
54
54
131
137
44
54
54
54
54
137
54
51
131
137
137
137
54
54
54
54
137
54
131
137
75
76
54
35
54
54
74
75
131
137
54
54
54
54
137
54
48
54
131
137
76
54
54
54
137
137
54
54
131
130
74
137
54
54
54
51
54
54
131
137
54
74
54
54
54
137
137
137
131
76
54
54
137
76
54
54
54
54
131
76
75
137
137
76
76
137
76
75
131
74
137
137
76
131
76
131
76
131
131
137
76
76
76
131
76
74
76
34
131
75
131
49
76
75
76
137
130
76
131
131
75
76
76
137
137
131
131
137
131
131
76
76
76
76
76
75
76
137
131
76
76
74
74
76
76
76
137
76
131
131
76
130
76
137
137
76
76
75
131
131
76
130
76
75
54
76
125
49
131
76
76
76
75
76
76
76
131
137
131
137
137
137
137
54
136
76
131
76
131
75
131
137
137
75
76
76
52
76
131
75
137
137
131
76
76
76
131
76
131
137
76
137
46
136
137
76
74
126
131
76
76
137
76
137
76
131
131
131
131
76
76
76
76
76
77
130
76
31
131
106
137
51
46
137
51
137
54
54
131
137
76
76
76
75
76
73
76
114
131
76
74
76
46
76
76
76
131
75
131
54
76
137
75
131
118
46
54
131
131
137
76
76
131
46
46
76
74
131
131
137
137
137
137
76
46
76
131
137
131
44
137
54
54
137
54
74
130
75
131
131
75
34
54
131
76
125
76
76
131
76
137
137
76
76
76
74
76
51
131
74
75
76
76
54
75
54
54
54
131
137
137
137
76
75
137
137
76
137
131
137
74
76
137
76
137
131
137
131
131
137
130
54
54
137
54
54
54
54
131
76
54
75
43
74
137
76
74
76
131
75
126
54
137
76
131
74
75
137
131
76
54
54
54
54
54
54
54
51
131
137
137
76
74
54
137
74
114
137
131
137
54
54
54
64
76
137
76
137
131
76
51
76
137
54
130
54
137
54
131
137
75
54
74
75
74
137
54
137
131
54
75
74
137
54
54
54
54
54
131
75
54
76
54
76
54
76
54
54
131
74
137
137
74
54
74
76
54
74
131
75
54
137
75
54
54
137
54
54
131
137
54
74
75
51
137
74
76
137
131
137
54
74
54
54
74
54
54
54
131
54
54
54
54
54
74
54
54
54
131
74
137
54
74
76
54
137
75
75
131
137
76
54
76
54
54
54
74
137
131
137
137
74
54
54
54
137
54
54
131
137
137
137
54
137
74
54
75
75
131
137
54
137
54
54
54
54
54
54
131
146
128
126
128
76
136
130
76
130
131
126
130
131
147
126
137
73
131
130
131
37
71
114
131
49
117
117
117
57
131
130
131
128
137
131
52
134
134
130
131
131
147
130
130
130
126
131
73
130
131
125
104
79
131
135
131
11
131
76
131
128
131
126
134
52
76
131
76
134
131
30
147
76
131
117
131
130
139
130
131
117
76
74
131
130
134
137
54
130
131
137
136
128
76
134
134
76
112
131
131
117
76
48
130
130
130
147
76
117
131
137
48
135
79
57
54
131
130
130
131
131
131
146
140
137
137
52
137
140
131
84
131
141
130
131
117
76
76
139
131
137
136
131
132
79
130
76
54
130
131
130
130
134
131
131
76
137
137
130
131
131
137
126
130
137
117
130
131
130
131
117
147
49
46
117
59
131
74
48
131
131
127
128
131
76
131
146
75
137
131
130
76
131
134
137
54
76
117
147
131
131
137
54
147
130
76
54
137
131
131
137
137
131
137
137
76
76
137
76
131
76
137
137
147
137
137
130
76
76
131
137
77
137
75
76
76
76
76
137
131
48
131
75
76
130
76
137
137
76
131
48
75
76
137
117
76
75
117
54
131
137
74
147
137
46
137
76
54
76
131
137
76
130
52
137
137
130
76
74
131
131
137
76
75
131
74
48
75
76
131
137
137
137
137
130
137
7
74
75
131
137
137
137
76
137
76
76
137
35
131
137
137
76
76
137
137
54
137
76
131
74
76
74
76
75
54
137
137
75
131
54
137
131
137
137
76
37
137
137
131
137
54
75
76
137
76
74
76
76
131
137
137
137
76
137
54
54
54
54
131
74
75
137
76
137
74
137
54
137
131
76
74
137
54
137
54
137
137
137
131
75
54
137
54
54
54
137
74
137
131
75
75
137
137
137
137
54
137
137
131
137
137
76
54
54
137
137
137
137
131
137
137
76
76
54
137
75
54
54
131
74
137
74
54
74
137
137
137
54
131
137
137
74
137
137
137
137
54
137
131
74
137
137
137
137
137
54
57
54
131
54
75
76
137
137
137
54
137
137
131
76
54
54
137
137
137
74
54
54
131
137
137
76
74
54
54
54
76
54
