105
119
67
114
114
120
65
114
116
114
105
66
89
20
68
67
59
15
34
34
105
95
122
101
65
120
1
50
50
77
105
88
97
67
66
114
120
116
114
65
105
67
21
20
40
34
22
68
67
36
105
119
45
67
50
62
65
68
89
65
105
114
66
120
99
67
116
117
87
114
105
1
68
67
67
22
22
67
22
67
105
62
65
50
67
78
79
77
62
50
105
115
116
69
115
116
114
86
115
116
105
59
21
4
2
59
68
58
17
22
105
67
99
67
63
81
20
62
65
68
105
121
114
116
43
45
67
51
67
86
105
77
20
21
22
16
48
34
42
17
105
108
8
82
3
78
67
65
66
68
105
97
1
1
107
64
86
80
65
36
105
74
58
18
68
40
40
59
42
40
105
65
62
68
81
51
100
82
27
65
105
42
42
42
26
52
117
67
42
42
105
109
59
59
49
59
34
42
58
42
105
31
68
81
35
78
42
65
64
42
105
56
105
55
42
42
42
42
36
100
105
59
22
42
42
5
40
40
36
40
105
101
68
36
65
42
77
58
77
59
105
59
59
105
59
58
44
36
42
44
105
110
59
42
47
12
42
42
36
42
105
95
36
60
110
105
110
61
105
89
105
59
100
59
105
110
36
105
60
59
105
55
59
59
59
48
42
59
40
42
105
110
102
59
59
89
105
42
105
59
105
59
59
105
59
42
59
110
58
59
105
42
59
58
24
59
42
40
36
36
105
110
110
59
110
59
58
59
42
59
105
59
59
110
110
110
110
42
42
42
105
58
59
110
110
36
58
42
42
42
105
105
59
110
110
59
42
110
59
42
105
59
42
59
58
59
110
42
42
42
105
42
110
110
40
42
42
42
42
42
105
110
59
59
58
110
110
59
59
110
105
110
59
110
110
42
42
42
42
110
105
42
110
42
42
40
42
40
42
58
105
42
58
59
110
59
42
42
58
58
105
105
42
110
58
58
42
42
42
42
105
42
36
42
59
42
110
44
40
42
105
59
59
58
110
40
58
58
42
110
105
110
59
42
42
42
42
42
110
42
105
58
59
58
110
40
58
42
42
110
105
110
59
110
110
105
110
42
42
42
105
58
9
107
107
36
93
36
93
58
105
105
58
58
25
25
74
53
36
104
105
30
73
73
107
73
102
29
61
77
105
33
23
23
91
92
107
23
47
93
105
70
85
98
36
36
108
77
77
36
105
75
43
96
104
102
36
104
36
56
105
71
107
13
23
45
35
45
105
33
105
61
95
102
98
98
98
107
104
92
105
98
96
19
96
105
73
43
35
104
105
36
14
92
32
107
45
91
36
36
105
105
98
109
58
36
103
36
10
75
105
110
102
102
100
53
60
58
42
105
105
11
42
36
13
49
36
12
33
105
105
58
96
105
101
79
98
58
28
11
105
55
102
105
19
19
46
73
15
110
105
107
117
84
105
39
89
105
107
47
105
101
110
57
105
59
36
72
68
56
105
102
105
107
43
104
102
111
105
49
105
102
31
111
42
36
47
103
58
110
105
57
57
58
75
58
105
110
53
104
105
117
79
43
105
43
59
59
105
110
105
102
110
42
35
42
59
47
60
42
105
88
105
75
59
59
42
58
104
58
105
43
105
105
105
105
43
42
105
105
105
59
105
110
35
42
110
105
58
110
105
111
110
59
110
110
58
38
58
105
105
110
107
59
105
110
58
110
105
61
105
36
59
110
105
59
105
42
42
59
105
29
29
100
110
110
59
42
110
40
105
105
110
105
110
59
110
110
110
105
105
42
105
59
59
110
42
105
59
42
105
100
58
59
110
30
110
36
42
42
105
110
105
59
58
110
105
104
105
110
105
110
110
35
42
110
42
42
42
59
105
59
42
42
110
110
58
58
42
105
105
110
110
59
110
59
59
58
110
110
105
42
42
42
58
42
42
59
42
58
105
42
110
110
110
36
40
59
59
59
105
42
110
58
110
110
59
110
42
42
105
105
110
42
59
42
42
58
42
110
105
58
110
110
110
110
42
110
110
42
105
58
110
110
110
42
110
59
58
110
105
110
42
42
42
58
110
42
59
42
105
110
110
110
59
110
42
40
42
42
105
42
110
59
42
58
110
58
42
42
105
42
42
42
59
110
42
42
42
42
105
110
42
42
42
59
59
59
110
110
105
58
59
59
105
42
58
110
42
42
105
59
59
59
59
110
59
110
59
55
105
59
59
110
59
59
59
59
59
59
105
110
59
110
59
59
59
110
105
59
105
59
59
110
110
60
59
59
59
59
105
110
59
59
59
42
59
105
110
59
105
100
110
59
59
59
59
59
59
105
105
59
59
59
110
59
59
59
59
59
105
42
43
59
59
59
59
59
105
110
105
105
59
59
59
59
59
110
59
59
105
60
59
59
59
59
59
105
110
110
105
42
59
59
61
59
59
59
105
59
105
105
42
110
110
59
59
110
59
36
105
60
110
59
59
59
110
59
110
59
105
59
59
59
55
59
59
59
41
59
105
105
110
105
110
59
59
59
110
59
105
59
59
54
59
59
36
59
59
59
105
110
111
59
59
59
105
59
110
110
105
36
58
42
110
59
42
59
110
42
105
59
105
59
59
36
59
110
36
59
105
59
59
59
36
59
59
110
58
59
105
105
102
59
38
59
59
58
110
59
105
59
59
110
110
58
59
59
36
59
105
110
59
110
59
110
42
59
110
110
105
110
105
110
59
100
60
59
105
110
105
59
59
59
59
110
59
59
110
109
105
59
59
58
59
42
59
58
58
29
105
60
110
59
110
59
59
59
110
110
105
59
58
59
36
105
42
59
59
110
105
59
42
42
42
59
59
42
110
42
105
117
59
110
59
59
110
83
110
59
105
59
59
59
36
42
110
110
59
59
105
59
59
40
58
110
59
42
42
59
105
110
59
42
42
110
59
58
110
59
105
110
59
59
58
110
59
42
59
42
105
42
59
42
42
110
42
42
110
42
105
110
42
110
42
59
42
42
42
42
105
110
42
42
42
110
110
59
42
42
105
110
59
42
42
40
42
42
59
59
105
42
42
110
110
42
110
110
42
42
105
42
110
42
42
59
42
58
110
59
105
59
58
110
42
42
42
42
40
58
105
100
110
110
110
59
58
42
42
110
105
42
42
42
42
42
59
42
42
42
105
42
6
110
110
58
59
42
42
42
105
42
59
110
110
59
110
110
42
110
105
58
42
42
59
110
42
59
42
110
105
42
58
110
42
42
42
42
42
42
105
110
42
110
110
58
110
42
38
59
105
59
105
105
59
110
110
105
59
105
105
59
105
105
35
105
59
59
59
59
105
105
59
110
59
59
59
59
59
59
105
45
105
59
59
59
110
110
105
110
105
59
59
36
59
110
110
58
105
37
105
110
105
59
105
59
105
110
105
110
105
110
59
105
110
58
59
105
110
105
105
59
59
59
59
110
55
110
105
59
105
110
110
59
105
59
110
59
110
59
105
59
59
105
59
59
110
111
59
110
105
105
41
59
105
59
59
105
105
59
105
110
59
110
105
110
59
110
105
59
105
59
110
105
59
45
110
59
59
59
105
59
102
110
59
58
59
59
59
105
105
59
59
59
105
59
59
59
105
110
105
105
59
59
59
59
59
59
58
59
105
76
109
59
59
59
35
59
109
100
105
59
59
110
110
110
110
105
105
105
105
110
105
110
59
59
111
59
59
105
105
42
58
118
42
36
36
59
37
105
105
110
110
59
59
110
59
59
59
59
105
59
47
59
55
105
59
59
110
58
105
59
59
59
59
42
59
59
27
110
105
110
59
110
59
59
59
59
59
59
105
107
110
59
110
59
59
42
59
58
105
58
59
36
59
36
110
110
59
30
105
92
59
84
110
110
59
110
59
59
105
59
59
42
59
36
110
59
105
27
105
29
110
110
59
110
42
42
105
42
105
110
58
58
110
59
59
59
105
110
105
110
105
30
59
110
42
42
59
59
105
58
59
110
58
59
42
42
110
42
105
110
110
42
110
42
42
42
110
59
105
42
105
59
42
110
42
59
40
110
105
76
59
36
118
110
42
42
59
35
105
59
110
110
59
59
105
42
42
110
105
110
59
59
42
105
110
110
42
110
105
40
58
42
110
42
42
42
42
58
105
59
110
59
42
110
58
42
42
42
105
110
110
110
42
110
110
42
42
42
105
110
36
42
42
42
42
110
42
40
105
110
110
110
42
42
42
42
110
42
105
110
59
59
42
29
42
42
58
59
105
110
42
42
42
42
110
42
38
42
105
110
59
42
42
42
110
110
42
42
105
105
58
110
42
42
42
40
42
42
105
110
42
58
42
42
42
110
110
110
105
59
42
42
110
59
42
42
42
42
105
59
59
110
110
59
59
110
59
59
105
58
110
110
59
105
59
105
59
105
105
110
59
59
59
105
59
58
59
29
105
59
105
39
59
59
59
110
105
59
105
105
59
59
59
110
110
105
105
110
105
105
59
59
59
59
59
59
59
110
105
59
59
58
58
59
59
59
110
59
105
105
59
105
59
110
110
59
59
59
105
105
59
105
59
59
42
59
100
39
105
59
59
59
59
59
59
59
105
110
105
110
110
110
110
42
109
59
105
59
105
59
105
110
110
59
59
59
41
59
105
59
110
110
105
59
59
59
105
59
105
110
59
110
36
109
110
59
58
101
105
59
59
110
59
110
59
105
105
105
105
59
59
59
59
59
60
105
59
27
105
85
110
40
36
110
40
110
42
42
105
110
59
59
59
59
59
58
59
92
105
59
58
59
36
59
59
59
105
59
105
42
59
110
59
105
95
36
42
105
105
110
59
59
105
36
36
59
58
105
105
110
110
110
110
59
36
59
105
110
105
36
110
42
42
110
42
58
105
59
105
105
59
29
42
105
59
100
59
59
105
59
110
110
59
59
59
58
59
40
105
58
59
59
59
42
59
42
42
42
105
110
110
110
59
59
110
110
59
110
105
110
58
59
110
59
110
105
110
105
105
110
105
42
42
110
42
42
42
42
105
59
42
59
35
58
110
59
58
59
105
59
101
42
110
59
105
58
59
110
105
59
42
42
42
42
42
42
42
40
105
110
110
59
58
42
110
58
92
110
105
110
42
42
42
49
59
110
59
110
105
59
40
59
110
42
105
42
110
42
105
110
59
42
58
59
58
110
42
110
105
42
59
58
110
42
42
42
42
42
105
59
42
59
42
59
42
59
42
42
105
58
110
110
58
42
58
59
42
58
105
59
42
110
59
42
42
110
42
42
105
110
42
58
59
40
110
58
59
110
105
110
42
58
42
42
58
42
42
42
105
42
42
42
42
42
58
42
42
42
105
58
110
42
58
59
42
110
59
59
105
110
59
42
59
42
42
42
58
110
105
110
110
58
42
42
42
110
42
42
105
110
110
110
42
110
58
42
59
59
105
110
42
110
42
42
42
42
42
42
105
117
103
101
103
59
109
105
59
105
105
101
105
105
118
101
110
58
105
105
105
30
56
92
105
39
94
94
94
44
105
105
105
103
110
105
41
107
107
105
105
105
118
105
105
105
101
105
58
105
105
100
83
61
105
108
105
11
105
59
105
103
105
101
107
41
59
105
59
107
105
26
118
59
105
94
105
105
112
105
105
94
59
58
105
105
107
110
42
105
105
110
109
103
59
107
107
59
90
105
105
94
59
38
105
105
105
118
59
94
105
110
38
108
61
44
42
105
105
105
105
105
105
117
113
110
110
41
110
113
105
66
105
114
105
105
94
59
59
112
105
110
109
105
106
61
105
59
42
105
105
105
105
107
105
105
59
110
110
105
105
105
110
101
105
110
94
105
105
105
105
94
118
39
36
94
46
105
58
38
105
105
102
103
105
59
105
117
59
110
105
105
59
105
107
110
42
59
94
118
105
105
110
42
118
105
59
42
110
105
105
110
110
105
110
110
59
59
110
59
105
59
110
110
118
110
110
105
59
59
105
110
60
110
59
59
59
59
59
110
105
38
105
59
59
105
59
110
110
59
105
38
59
59
110
94
59
59
94
42
105
110
58
118
110
36
110
59
42
59
105
110
59
105
41
110
110
105
59
58
105
105
110
59
59
105
58
38
59
59
105
110
110
110
110
105
110
7
58
59
105
110
110
110
59
110
59
59
110
29
105
110
110
59
59
110
110
42
110
59
105
58
59
58
59
59
42
110
110
59
105
42
110
105
110
110
59
30
110
110
105
110
42
59
59
110
59
58
59
59
105
110
110
110
59
110
42
42
42
42
105
58
59
110
59
110
58
110
42
110
105
59
58
110
42
110
42
110
110
110
105
59
42
110
42
42
42
110
58
110
105
59
59
110
110
110
110
42
110
110
105
110
110
59
42
42
110
110
110
110
105
110
110
59
59
42
110
59
42
42
105
58
110
58
42
58
110
110
110
42
105
110
110
58
110
110
110
110
42
110
105
58
110
110
110
110
110
42
44
42
105
42
59
59
110
110
110
42
110
110
105
59
42
42
110
110
110
58
42
42
105
110
110
59
58
42
42
42
59
42
