83
93
55
89
89
94
53
89
91
89
83
54
72
17
55
55
49
13
30
30
83
76
96
80
53
94
1
43
43
62
83
71
78
55
54
89
94
91
89
53
83
55
18
17
34
30
18
55
55
31
83
93
38
55
43
51
53
55
72
53
83
89
54
94
79
55
91
92
70
89
83
1
55
55
55
18
18
55
18
55
83
51
53
43
55
63
64
62
51
43
83
90
91
56
90
91
89
69
90
91
83
49
18
4
2
49
55
48
14
18
83
55
79
55
51
65
17
51
53
55
83
95
89
91
37
38
55
43
55
69
83
62
17
18
18
13
41
30
36
14
83
86
7
66
3
63
55
53
54
55
83
78
1
1
85
52
69
64
53
31
83
60
48
15
55
34
34
49
36
34
83
53
51
55
65
43
80
66
23
53
83
36
36
36
22
44
92
55
36
36
83
86
49
49
42
49
30
36
48
36
83
27
55
65
31
63
36
53
52
36
83
46
83
46
36
36
36
36
31
80
83
49
18
36
36
4
34
34
31
34
83
80
55
31
53
36
62
48
62
49
83
49
49
83
49
48
38
31
36
38
83
87
49
36
40
11
36
36
31
36
83
76
31
50
87
83
87
50
83
72
83
49
80
49
83
87
31
83
50
49
83
46
49
49
49
41
36
49
34
36
83
87
81
49
49
72
83
36
83
49
83
49
49
83
49
36
49
87
48
49
83
36
49
48
20
49
36
34
31
31
83
87
87
49
87
49
48
49
36
49
83
49
49
87
87
87
87
36
36
36
83
48
49
87
87
31
48
36
36
36
83
83
49
87
87
49
36
87
49
36
83
49
36
49
48
49
87
36
36
36
83
36
87
87
34
36
36
36
36
36
83
87
49
49
48
87
87
49
49
87
83
87
49
87
87
36
36
36
36
87
83
36
87
36
36
34
36
34
36
48
83
36
48
49
87
49
36
36
48
48
83
83
36
87
48
48
36
36
36
36
83
36
31
36
49
36
87
38
34
36
83
49
49
48
87
34
48
48
36
87
83
87
49
36
36
36
36
36
87
36
83
48
49
48
87
34
48
36
36
87
83
87
49
87
87
83
87
36
36
36
83
48
8
85
85
31
74
31
74
48
83
83
48
48
21
21
60
45
31
82
83
26
59
59
85
59
81
25
50
62
83
29
19
19
73
74
85
19
40
74
83
57
68
78
31
31
86
62
62
31
83
61
37
77
82
81
31
82
31
46
83
58
85
12
19
38
31
38
83
29
83
50
76
81
78
78
78
85
82
74
83
78
77
16
77
83
59
37
31
82
83
31
12
74
28
85
38
73
31
31
83
83
78
86
48
31
81
31
9
61
83
87
81
81
80
45
50
48
36
83
83
10
36
31
12
42
31
11
29
83
83
48
77
83
80
64
78
48
24
10
83
46
81
83
16
16
39
59
13
87
83
85
92
68
83
33
72
83
85
40
83
80
87
47
83
49
31
58
55
46
83
81
83
85
37
82
81
87
83
42
83
81
27
87
36
31
40
81
48
87
83
47
47
48
61
48
83
87
45
82
83
92
64
37
83
37
49
49
83
87
83
81
87
36
31
36
49
40
50
36
83
71
83
61
49
49
36
48
82
48
83
37
83
83
83
83
37
36
83
83
83
49
83
87
31
36
87
83
48
87
83
87
87
49
87
87
48
33
48
83
83
87
85
49
83
87
48
87
83
50
83
31
49
87
83
49
83
36
36
49
83
25
25
80
87
87
49
36
87
34
83
83
87
83
87
49
87
87
87
83
83
36
83
49
49
87
36
83
49
36
83
80
48
49
87
26
87
31
36
36
83
87
83
49
48
87
83
82
83
87
83
87
87
31
36
87
36
36
36
49
83
49
36
36
87
87
48
48
36
83
83
87
87
49
87
49
49
48
87
87
83
36
36
36
48
36
36
49
36
48
83
36
87
87
87
31
34
49
49
49
83
36
87
48
87
87
49
87
36
36
83
83
87
36
49
36
36
48
36
87
83
48
87
87
87
87
36
87
87
36
83
48
87
87
87
36
87
49
48
87
83
87
36
36
36
48
87
36
49
36
83
87
87
87
49
87
36
34
36
36
83
36
87
49
36
48
87
48
36
36
83
36
36
36
49
87
36
36
36
36
83
87
36
36
36
49
49
49
87
87
83
48
49
49
83
36
48
87
36
36
83
49
49
49
49
87
49
87
49
46
83
49
49
87
49
49
49
49
49
49
83
87
49
87
49
49
49
87
83
49
83
49
49
87
87
50
49
49
49
49
83
87
49
49
49
36
49
83
87
49
83
80
87
49
49
49
49
49
49
83
83
49
49
49
87
49
49
49
49
49
83
36
37
49
49
49
49
49
83
87
83
83
49
49
49
49
49
87
49
49
83
50
49
49
49
49
49
83
87
87
83
36
49
49
50
49
49
49
83
49
83
83
36
87
87
49
49
87
49
31
83
50
87
49
49
49
87
49
87
49
83
49
49
49
46
49
49
49
35
49
83
83
87
83
87
49
49
49
87
49
83
49
49
45
49
49
31
49
49
49
83
87
87
49
49
49
83
49
87
87
83
31
48
36
87
49
36
49
87
36
83
49
83
49
49
31
49
87
31
49
83
49
49
49
31
49
49
87
48
49
83
83
81
49
33
49
49
48
87
49
83
49
49
87
87
48
49
49
31
49
83
87
49
87
49
87
36
49
87
87
83
87
83
87
49
80
50
49
83
87
83
49
49
49
49
87
49
49
87
86
83
49
49
48
49
36
49
48
48
25
83
50
87
49
87
49
49
49
87
87
83
49
48
49
31
83
36
49
49
87
83
49
36
36
36
49
49
36
87
36
83
92
49
87
49
49
87
67
87
49
83
49
49
49
31
36
87
87
49
49
83
49
49
34
48
87
49
36
36
49
83
87
49
36
36
87
49
48
87
49
83
87
49
49
48
87
49
36
49
36
83
36
49
36
36
87
36
36
87
36
83
87
36
87
36
49
36
36
36
36
83
87
36
36
36
87
87
49
36
36
83
87
49
36
36
34
36
36
49
49
83
36
36
87
87
36
87
87
36
36
83
36
87
36
36
49
36
48
87
49
83
49
48
87
36
36
36
36
34
48
83
80
87
87
87
49
48
36
36
87
83
36
36
36
36
36
49
36
36
36
83
36
5
87
87
48
49
36
36
36
83
36
49
87
87
49
87
87
36
87
83
48
36
36
49
87
36
49
36
87
83
36
48
87
36
36
36
36
36
36
83
87
36
87
87
48
87
36
33
49
83
49
83
83
49
87
87
83
49
83
83
49
83
83
31
83
49
49
49
49
83
83
49
87
49
49
49
49
49
49
83
38
83
49
49
49
87
87
83
87
83
49
49
31
49
87
87
48
83
32
83
87
83
49
83
49
83
87
83
87
83
87
49
83
87
48
49
83
87
83
83
49
49
49
49
87
46
87
83
49
83
87
87
49
83
49
87
49
87
49
83
49
49
83
49
49
87
87
49
87
83
83
35
49
83
49
49
83
83
49
83
87
49
87
83
87
49
87
83
49
83
49
87
83
49
38
87
49
49
49
83
49
81
87
49
48
49
49
49
83
83
49
49
49
83
49
49
49
83
87
83
83
49
49
49
49
49
49
48
49
83
62
86
49
49
49
31
49
86
80
83
49
49
87
87
87
87
83
83
83
83
87
83
87
49
49
87
49
49
83
83
36
48
92
36
31
31
49
32
83
83
87
87
49
49
87
49
49
49
49
83
49
40
49
46
83
49
49
87
48
83
49
49
49
49
36
49
49
23
87
83
87
49
87
49
49
49
49
49
49
83
85
87
49
87
49
49
36
49
48
83
48
49
31
49
31
87
87
49
26
83
74
49
68
87
87
49
87
49
49
83
49
49
36
49
31
87
49
83
23
83
25
87
87
49
87
36
36
83
36
83
87
48
48
87
49
49
49
83
87
83
87
83
26
49
87
36
36
49
49
83
48
49
87
48
49
36
36
87
36
83
87
87
36
87
36
36
36
87
49
83
36
83
49
36
87
36
49
34
87
83
62
49
31
92
87
36
36
49
31
83
49
87
87
49
49
83
36
36
87
83
87
49
49
36
83
87
87
36
87
83
34
48
36
87
36
36
36
36
48
83
49
87
49
36
87
48
36
36
36
83
87
87
87
36
87
87
36
36
36
83
87
31
36
36
36
36
87
36
34
83
87
87
87
36
36
36
36
87
36
83
87
49
49
36
25
36
36
48
49
83
87
36
36
36
36
87
36
33
36
83
87
49
36
36
36
87
87
36
36
83
83
48
87
36
36
36
34
36
36
83
87
36
48
36
36
36
87
87
87
83
49
36
36
87
49
36
36
36
36
83
49
49
87
87
49
49
87
49
49
83
48
87
87
49
83
49
83
49
83
83
87
49
49
49
83
49
48
49
25
83
49
83
33
49
49
49
87
83
49
83
83
49
49
49
87
87
83
83
87
83
83
49
49
49
49
49
49
49
87
83
49
49
48
48
49
49
49
87
49
83
83
49
83
49
87
87
49
49
49
83
83
49
83
49
49
36
49
80
33
83
49
49
49
49
49
49
49
83
87
83
87
87
87
87
36
86
49
83
49
83
49
83
87
87
49
49
49
35
49
83
49
87
87
83
49
49
49
83
49
83
87
49
87
31
86
87
49
48
80
83
49
49
87
49
87
49
83
83
83
83
49
49
49
49
49
50
83
49
23
83
68
87
34
31
87
34
87
36
36
83
87
49
49
49
49
49
48
49
74
83
49
48
49
31
49
49
49
83
49
83
36
49
87
49
83
76
31
36
83
83
87
49
49
83
31
31
49
48
83
83
87
87
87
87
49
31
49
83
87
83
31
87
36
36
87
36
48
83
49
83
83
49
25
36
83
49
80
49
49
83
49
87
87
49
49
49
48
49
34
83
48
49
49
49
36
49
36
36
36
83
87
87
87
49
49
87
87
49
87
83
87
48
49
87
49
87
83
87
83
83
87
83
36
36
87
36
36
36
36
83
49
36
49
31
48
87
49
48
49
83
49
80
36
87
49
83
48
49
87
83
49
36
36
36
36
36
36
36
34
83
87
87
49
48
36
87
48
74
87
83
87
36
36
36
42
49
87
49
87
83
49
34
49
87
36
83
36
87
36
83
87
49
36
48
49
48
87
36
87
83
36
49
48
87
36
36
36
36
36
83
49
36
49
36
49
36
49
36
36
83
48
87
87
48
36
48
49
36
48
83
49
36
87
49
36
36
87
36
36
83
87
36
48
49
34
87
48
49
87
83
87
36
48
36
36
48
36
36
36
83
36
36
36
36
36
48
36
36
36
83
48
87
36
48
49
36
87
49
49
83
87
49
36
49
36
36
36
48
87
83
87
87
48
36
36
36
87
36
36
83
87
87
87
36
87
48
36
49
49
83
87
36
87
36
36
36
36
36
36
83
92
81
80
81
49
86
83
49
83
83
80
83
83
92
80
87
48
83
83
83
26
46
74
83
33
75
75
75
38
83
83
83
81
87
83
35
85
85
83
83
83
92
83
83
83
80
83
48
83
83
80
67
50
83
86
83
10
83
49
83
81
83
80
85
35
49
83
49
85
83
22
92
49
83
75
83
83
88
83
83
75
49
48
83
83
85
87
36
83
83
87
86
81
49
85
85
49
72
83
83
75
49
33
83
83
83
92
49
75
83
87
33
86
50
38
36
83
83
83
83
83
83
92
88
87
87
35
87
88
83
54
83
89
83
83
75
49
49
88
83
87
86
83
84
50
83
49
36
83
83
83
83
85
83
83
49
87
87
83
83
83
87
80
83
87
75
83
83
83
83
75
92
33
31
75
39
83
48
33
83
83
81
81
83
49
83
92
49
87
83
83
49
83
85
87
36
49
75
92
83
83
87
36
92
83
49
36
87
83
83
87
87
83
87
87
49
49
87
49
83
49
87
87
92
87
87
83
49
49
83
87
50
87
49
49
49
49
49
87
83
33
83
49
49
83
49
87
87
49
83
33
49
49
87
75
49
49
75
36
83
87
48
92
87
31
87
49
36
49
83
87
49
83
35
87
87
83
49
48
83
83
87
49
49
83
48
33
49
49
83
87
87
87
87
83
87
6
48
49
83
87
87
87
49
87
49
49
87
25
83
87
87
49
49
87
87
36
87
49
83
48
49
48
49
49
36
87
87
49
83
36
87
83
87
87
49
26
87
87
83
87
36
49
49
87
49
48
49
49
83
87
87
87
49
87
36
36
36
36
83
48
49
87
49
87
48
87
36
87
83
49
48
87
36
87
36
87
87
87
83
49
36
87
36
36
36
87
48
87
83
49
49
87
87
87
87
36
87
87
83
87
87
49
36
36
87
87
87
87
83
87
87
49
49
36
87
49
36
36
83
48
87
48
36
48
87
87
87
36
83
87
87
48
87
87
87
87
36
87
83
48
87
87
87
87
87
36
38
36
83
36
49
49
87
87
87
36
87
87
83
49
36
36
87
87
87
48
36
36
83
87
87
49
48
36
36
36
49
36
