65
72
43
69
69
73
42
69
70
69
65
43
56
16
43
43
40
13
26
26
65
60
75
63
42
73
1
36
36
48
65
55
62
43
43
69
73
70
69
42
65
43
17
16
29
26
17
43
43
26
65
72
32
43
36
41
42
43
56
42
65
69
43
73
63
43
70
71
54
69
65
1
43
43
43
17
17
43
17
43
65
41
42
36
43
49
49
48
41
36
65
69
70
44
69
70
69
53
69
70
65
40
17
4
2
40
43
39
14
17
65
43
63
43
41
50
16
41
42
43
65
74
69
70
31
32
43
36
43
53
65
48
16
17
17
13
34
26
30
14
65
66
7
50
3
49
43
42
43
43
65
62
1
1
66
42
53
49
42
26
65
47
39
14
43
29
29
40
30
29
65
42
41
43
50
36
63
50
21
42
65
30
30
30
20
36
71
43
30
30
65
66
40
40
35
40
26
30
39
30
65
24
43
50
26
49
30
42
42
30
65
38
65
38
30
30
30
30
26
63
65
40
17
30
30
4
29
29
26
29
65
63
43
26
42
30
48
39
48
40
65
40
40
65
40
39
32
26
30
32
65
67
40
30
33
11
30
30
26
30
65
60
26
40
67
65
67
40
65
56
65
40
63
40
65
67
26
65
40
40
65
38
40
40
40
34
30
40
29
30
65
67
64
40
40
56
65
30
65
40
65
40
40
65
40
30
40
67
39
40
65
30
40
39
18
40
30
29
26
26
65
67
67
40
67
40
39
40
30
40
65
40
40
67
67
67
67
30
30
30
65
39
40
67
67
26
39
30
30
30
65
65
40
67
67
40
30
67
40
30
65
40
30
40
39
40
67
30
30
30
65
30
67
67
29
30
30
30
30
30
65
67
40
40
39
67
67
40
40
67
65
67
40
67
67
30
30
30
30
67
65
30
67
30
30
29
30
29
30
39
65
30
39
40
67
40
30
30
39
39
65
65
30
67
39
39
30
30
30
30
65
30
26
30
40
30
67
32
29
30
65
40
40
39
67
29
39
39
30
67
65
67
40
30
30
30
30
30
67
30
65
39
40
39
67
29
39
30
30
67
65
67
40
67
67
65
67
30
30
30
65
39
8
66
66
26
58
26
58
39
65
65
39
39
19
19
47
37
26
65
65
23
47
47
66
47
64
22
40
48
65
25
18
18
57
58
66
18
33
58
65
45
52
62
26
26
66
48
48
26
65
48
31
61
65
64
26
65
26
38
65
46
66
12
18
32
26
32
65
25
65
40
60
64
62
62
62
66
65
58
65
62
61
15
61
65
47
31
26
65
65
26
12
58
24
66
32
57
26
26
65
65
62
66
39
26
64
26
9
48
65
67
64
64
63
37
40
39
30
65
65
10
30
26
12
35
26
11
25
65
65
39
61
65
63
49
62
39
21
10
65
38
64
65
15
15
33
47
13
67
65
66
71
52
65
28
56
65
66
33
65
63
67
39
65
40
26
46
43
38
65
64
65
66
31
65
64
67
65
35
65
64
24
67
30
26
33
64
39
67
65
39
39
39
48
39
65
67
37
65
65
71
49
31
65
31
40
40
65
67
65
64
67
30
26
30
40
33
40
30
65
55
65
48
40
40
30
39
65
39
65
31
65
65
65
65
31
30
65
65
65
40
65
67
26
30
67
65
39
67
65
67
67
40
67
67
39
28
39
65
65
67
66
40
65
67
39
67
65
40
65
26
40
67
65
40
65
30
30
40
65
22
22
63
67
67
40
30
67
29
65
65
67
65
67
40
67
67
67
65
65
30
65
40
40
67
30
65
40
30
65
63
39
40
67
23
67
26
30
30
65
67
65
40
39
67
65
65
65
67
65
67
67
26
30
67
30
30
30
40
65
40
30
30
67
67
39
39
30
65
65
67
67
40
67
40
40
39
67
67
65
30
30
30
39
30
30
40
30
39
65
30
67
67
67
26
29
40
40
40
65
30
67
39
67
67
40
67
30
30
65
65
67
30
40
30
30
39
30
67
65
39
67
67
67
67
30
67
67
30
65
39
67
67
67
30
67
40
39
67
65
67
30
30
30
39
67
30
40
30
65
67
67
67
40
67
30
29
30
30
65
30
67
40
30
39
67
39
30
30
65
30
30
30
40
67
30
30
30
30
65
67
30
30
30
40
40
40
67
67
65
39
40
40
65
30
39
67
30
30
65
40
40
40
40
67
40
67
40
38
65
40
40
67
40
40
40
40
40
40
65
67
40
67
40
40
40
67
65
40
65
40
40
67
67
40
40
40
40
40
65
67
40
40
40
30
40
65
67
40
65
63
67
40
40
40
40
40
40
65
65
40
40
40
67
40
40
40
40
40
65
30
31
40
40
40
40
40
65
67
65
65
40
40
40
40
40
67
40
40
65
40
40
40
40
40
40
65
67
67
65
30
40
40
40
40
40
40
65
40
65
65
30
67
67
40
40
67
40
26
65
40
67
40
40
40
67
40
67
40
65
40
40
40
38
40
40
40
30
40
65
65
67
65
67
40
40
40
67
40
65
40
40
37
40
40
26
40
40
40
65
67
67
40
40
40
65
40
67
67
65
26
39
30
67
40
30
40
67
30
65
40
65
40
40
26
40
67
26
40
65
40
40
40
26
40
40
67
39
40
65
65
64
40
28
40
40
39
67
40
65
40
40
67
67
39
40
40
26
40
65
67
40
67
40
67
30
40
67
67
65
67
65
67
40
63
40
40
65
67
65
40
40
40
40
67
40
40
67
66
65
40
40
39
40
30
40
39
39
22
65
40
67
40
67
40
40
40
67
67
65
40
39
40
26
65
30
40
40
67
65
40
30
30
30
40
40
30
67
30
65
71
40
67
40
40
67
51
67
40
65
40
40
40
26
30
67
67
40
40
65
40
40
29
39
67
40
30
30
40
65
67
40
30
30
67
40
39
67
40
65
67
40
40
39
67
40
30
40
30
65
30
40
30
30
67
30
30
67
30
65
67
30
67
30
40
30
30
30
30
65
67
30
30
30
67
67
40
30
30
65
67
40
30
30
29
30
30
40
40
65
30
30
67
67
30
67
67
30
30
65
30
67
30
30
40
30
39
67
40
65
40
39
67
30
30
30
30
29
39
65
63
67
67
67
40
39
30
30
67
65
30
30
30
30
30
40
30
30
30
65
30
5
67
67
39
40
30
30
30
65
30
40
67
67
40
67
67
30
67
65
39
30
30
40
67
30
40
30
67
65
30
39
67
30
30
30
30
30
30
65
67
30
67
67
39
67
30
28
40
65
40
65
65
40
67
67
65
40
65
65
40
65
65
26
65
40
40
40
40
65
65
40
67
40
40
40
40
40
40
65
32
65
40
40
40
67
67
65
67
65
40
40
26
40
67
67
39
65
27
65
67
65
40
65
40
65
67
65
67
65
67
40
65
67
39
40
65
67
65
65
40
40
40
40
67
38
67
65
40
65
67
67
40
65
40
67
40
67
40
65
40
40
65
40
40
67
67
40
67
65
65
30
40
65
40
40
65
65
40
65
67
40
67
65
67
40
67
65
40
65
40
67
65
40
32
67
40
40
40
65
40
64
67
40
39
40
40
40
65
65
40
40
40
65
40
40
40
65
67
65
65
40
40
40
40
40
40
39
40
65
48
66
40
40
40
26
40
66
63
65
40
40
67
67
67
67
65
65
65
65
67
65
67
40
40
67
40
40
65
65
30
39
71
30
26
26
40
27
65
65
67
67
40
40
67
40
40
40
40
65
40
33
40
38
65
40
40
67
39
65
40
40
40
40
30
40
40
21
67
65
67
40
67
40
40
40
40
40
40
65
66
67
40
67
40
40
30
40
39
65
39
40
26
40
26
67
67
40
23
65
58
40
52
67
67
40
67
40
40
65
40
40
30
40
26
67
40
65
21
65
22
67
67
40
67
30
30
65
30
65
67
39
39
67
40
40
40
65
67
65
67
65
23
40
67
30
30
40
40
65
39
40
67
39
40
30
30
67
30
65
67
67
30
67
30
30
30
67
40
65
30
65
40
30
67
30
40
29
67
65
48
40
26
71
67
30
30
40
26
65
40
67
67
40
40
65
30
30
67
65
67
40
40
30
65
67
67
30
67
65
29
39
30
67
30
30
30
30
39
65
40
67
40
30
67
39
30
30
30
65
67
67
67
30
67
67
30
30
30
65
67
26
30
30
30
30
67
30
29
65
67
67
67
30
30
30
30
67
30
65
67
40
40
30
22
30
30
39
40
65
67
30
30
30
30
67
30
28
30
65
67
40
30
30
30
67
67
30
30
65
65
39
67
30
30
30
29
30
30
65
67
30
39
30
30
30
67
67
67
65
40
30
30
67
40
30
30
30
30
65
40
40
67
67
40
40
67
40
40
65
39
67
67
40
65
40
65
40
65
65
67
40
40
40
65
40
39
40
22
65
40
65
28
40
40
40
67
65
40
65
65
40
40
40
67
67
65
65
67
65
65
40
40
40
40
40
40
40
67
65
40
40
39
39
40
40
40
67
40
65
65
40
65
40
67
67
40
40
40
65
65
40
65
40
40
30
40
63
28
65
40
40
40
40
40
40
40
65
67
65
67
67
67
67
30
66
40
65
40
65
40
65
67
67
40
40
40
30
40
65
40
67
67
65
40
40
40
65
40
65
67
40
67
26
66
67
40
39
63
65
40
40
67
40
67
40
65
65
65
65
40
40
40
40
40
40
65
40
21
65
52
67
29
26
67
29
67
30
30
65
67
40
40
40
40
40
39
40
58
65
40
39
40
26
40
40
40
65
40
65
30
40
67
40
65
60
26
30
65
65
67
40
40
65
26
26
40
39
65
65
67
67
67
67
40
26
40
65
67
65
26
67
30
30
67
30
39
65
40
65
65
40
22
30
65
40
63
40
40
65
40
67
67
40
40
40
39
40
29
65
39
40
40
40
30
40
30
30
30
65
67
67
67
40
40
67
67
40
67
65
67
39
40
67
40
67
65
67
65
65
67
65
30
30
67
30
30
30
30
65
40
30
40
26
39
67
40
39
40
65
40
63
30
67
40
65
39
40
67
65
40
30
30
30
30
30
30
30
29
65
67
67
40
39
30
67
39
58
67
65
67
30
30
30
35
40
67
40
67
65
40
29
40
67
30
65
30
67
30
65
67
40
30
39
40
39
67
30
67
65
30
40
39
67
30
30
30
30
30
65
40
30
40
30
40
30
40
30
30
65
39
67
67
39
30
39
40
30
39
65
40
30
67
40
30
30
67
30
30
65
67
30
39
40
29
67
39
40
67
65
67
30
39
30
30
39
30
30
30
65
30
30
30
30
30
39
30
30
30
65
39
67
30
39
40
30
67
40
40
65
67
40
30
40
30
30
30
39
67
65
67
67
39
30
30
30
67
30
30
65
67
67
67
30
67
39
30
40
40
65
67
30
67
30
30
30
30
30
30
65
71
64
63
64
40
66
65
40
65
65
63
65
65
71
63
67
39
65
65
65
23
38
58
65
28
59
59
59
32
65
65
65
64
67
65
30
66
66
65
65
65
71
65
65
65
63
65
39
65
65
63
51
40
65
66
65
10
65
40
65
64
65
63
66
30
40
65
40
66
65
20
71
40
65
59
65
65
68
65
65
59
40
39
65
65
66
67
30
65
65
67
66
64
40
66
66
40
56
65
65
59
40
28
65
65
65
71
40
59
65
67
28
66
40
32
30
65
65
65
65
65
65
71
68
67
67
30
67
68
65
43
65
69
65
65
59
40
40
68
65
67
66
65
65
40
65
40
30
65
65
65
65
66
65
65
40
67
67
65
65
65
67
63
65
67
59
65
65
65
65
59
71
28
26
59
33
65
39
28
65
65
64
64
65
40
65
71
40
67
65
65
40
65
66
67
30
40
59
71
65
65
67
30
71
65
40
30
67
65
65
67
67
65
67
67
40
40
67
40
65
40
67
67
71
67
67
65
40
40
65
67
40
67
40
40
40
40
40
67
65
28
65
40
40
65
40
67
67
40
65
28
40
40
67
59
40
40
59
30
65
67
39
71
67
26
67
40
30
40
65
67
40
65
30
67
67
65
40
39
65
65
67
40
40
65
39
28
40
40
65
67
67
67
67
65
67
6
39
40
65
67
67
67
40
67
40
40
67
22
65
67
67
40
40
67
67
30
67
40
65
39
40
39
40
40
30
67
67
40
65
30
67
65
67
67
40
23
67
67
65
67
30
40
40
67
40
39
40
40
65
67
67
67
40
67
30
30
30
30
65
39
40
67
40
67
39
67
30
67
65
40
39
67
30
67
30
67
67
67
65
40
30
67
30
30
30
67
39
67
65
40
40
67
67
67
67
30
67
67
65
67
67
40
30
30
67
67
67
67
65
67
67
40
40
30
67
40
30
30
65
39
67
39
30
39
67
67
67
30
65
67
67
39
67
67
67
67
30
67
65
39
67
67
67
67
67
30
32
30
65
30
40
40
67
67
67
30
67
67
65
40
30
30
67
67
67
39
30
30
65
67
67
40
39
30
30
30
40
30
