51
56
33
54
54
57
32
54
55
54
51
33
45
12
33
33
31
10
21
21
51
48
57
50
32
57
1
28
28
38
51
44
50
33
33
54
57
55
54
32
51
33
12
12
23
21
12
33
33
21
51
56
25
33
28
32
32
33
45
32
51
54
33
57
50
33
55
55
43
54
51
1
33
33
33
12
12
33
12
33
51
32
32
28
33
39
39
38
32
28
51
54
55
34
54
55
54
43
54
55
51
31
12
3
1
31
33
30
10
12
51
33
50
33
32
40
12
32
32
33
51
57
54
55
24
25
33
28
33
43
51
38
12
12
12
10
27
21
23
10
51
52
5
40
2
39
33
32
33
33
51
50
1
1
52
32
43
39
32
21
51
37
30
10
33
23
23
31
23
23
51
32
32
33
40
28
50
40
16
32
51
23
23
23
15
28
55
33
23
23
51
52
31
31
27
31
21
23
30
23
51
19
33
40
21
39
23
32
32
23
51
29
51
29
23
23
23
23
21
50
51
31
12
23
23
3
23
23
21
23
51
50
33
21
32
23
38
30
38
31
51
31
31
51
31
30
25
21
23
25
51
53
31
23
26
9
23
23
21
23
51
48
21
31
53
51
53
31
51
45
51
31
50
31
51
53
21
51
31
31
51
29
31
31
31
27
23
31
23
23
51
53
51
31
31
45
51
23
51
31
51
31
31
51
31
23
31
53
30
31
51
23
31
30
13
31
23
23
21
21
51
53
53
31
53
31
30
31
23
31
51
31
31
53
53
53
53
23
23
23
51
30
31
53
53
21
30
23
23
23
51
51
31
53
53
31
23
53
31
23
51
31
23
31
30
31
53
23
23
23
51
23
53
53
23
23
23
23
23
23
51
53
31
31
30
53
53
31
31
53
51
53
31
53
53
23
23
23
23
53
51
23
53
23
23
23
23
23
23
30
51
23
30
31
53
31
23
23
30
30
51
51
23
53
30
30
23
23
23
23
51
23
21
23
31
23
53
25
23
23
51
31
31
30
53
23
30
30
23
53
51
53
31
23
23
23
23
23
53
23
51
30
31
30
53
23
30
23
23
53
51
53
31
53
53
51
53
23
23
23
51
30
6
52
52
21
46
21
46
30
51
51
30
30
14
14
37
29
21
51
51
18
37
37
52
37
51
17
31
38
51
20
13
13
46
46
52
13
26
46
51
35
42
50
21
21
52
38
38
21
51
38
24
49
51
51
21
51
21
29
51
36
52
9
13
25
21
25
51
20
51
31
48
51
50
50
50
52
51
46
51
50
49
11
49
51
37
24
21
51
51
21
9
46
19
52
25
46
21
21
51
51
50
52
30
21
51
21
7
38
51
53
51
51
50
29
31
30
23
51
51
8
23
21
9
27
21
9
20
51
51
30
49
51
50
39
50
30
16
8
51
29
51
51
11
11
26
37
10
53
51
52
55
42
51
22
45
51
52
26
51
50
53
30
51
31
21
36
33
29
51
51
51
52
24
51
51
53
51
27
51
51
19
53
23
21
26
51
30
53
51
30
30
30
38
30
51
53
29
51
51
55
39
24
51
24
31
31
51
53
51
51
53
23
21
23
31
26
31
23
51
44
51
38
31
31
23
30
51
30
51
24
51
51
51
51
24
23
51
51
51
31
51
53
21
23
53
51
30
53
51
53
53
31
53
53
30
22
30
51
51
53
52
31
51
53
30
53
51
31
51
21
31
53
51
31
51
23
23
31
51
17
17
50
53
53
31
23
53
23
51
51
53
51
53
31
53
53
53
51
51
23
51
31
31
53
23
51
31
23
51
50
30
31
53
18
53
21
23
23
51
53
51
31
30
53
51
51
51
53
51
53
53
21
23
53
23
23
23
31
51
31
23
23
53
53
30
30
23
51
51
53
53
31
53
31
31
30
53
53
51
23
23
23
30
23
23
31
23
30
51
23
53
53
53
21
23
31
31
31
51
23
53
30
53
53
31
53
23
23
51
51
53
23
31
23
23
30
23
53
51
30
53
53
53
53
23
53
53
23
51
30
53
53
53
23
53
31
30
53
51
53
23
23
23
30
53
23
31
23
51
53
53
53
31
53
23
23
23
23
51
23
53
31
23
30
53
30
23
23
51
23
23
23
31
53
23
23
23
23
51
53
23
23
23
31
31
31
53
53
51
30
31
31
51
23
30
53
23
23
51
31
31
31
31
53
31
53
31
29
51
31
31
53
31
31
31
31
31
31
51
53
31
53
31
31
31
53
51
31
51
31
31
53
53
31
31
31
31
31
51
53
31
31
31
23
31
51
53
31
51
50
53
31
31
31
31
31
31
51
51
31
31
31
53
31
31
31
31
31
51
23
24
31
31
31
31
31
51
53
51
51
31
31
31
31
31
53
31
31
51
31
31
31
31
31
31
51
53
53
51
23
31
31
31
31
31
31
51
31
51
51
23
53
53
31
31
53
31
21
51
31
53
31
31
31
53
31
53
31
51
31
31
31
29
31
31
31
23
31
51
51
53
51
53
31
31
31
53
31
51
31
31
29
31
31
21
31
31
31
51
53
53
31
31
31
51
31
53
53
51
21
30
23
53
31
23
31
53
23
51
31
51
31
31
21
31
53
21
31
51
31
31
31
21
31
31
53
30
31
51
51
51
31
22
31
31
30
53
31
51
31
31
53
53
30
31
31
21
31
51
53
31
53
31
53
23
31
53
53
51
53
51
53
31
50
31
31
51
53
51
31
31
31
31
53
31
31
53
52
51
31
31
30
31
23
31
30
30
17
51
31
53
31
53
31
31
31
53
53
51
31
30
31
21
51
23
31
31
53
51
31
23
23
23
31
31
23
53
23
51
55
31
53
31
31
53
41
53
31
51
31
31
31
21
23
53
53
31
31
51
31
31
23
30
53
31
23
23
31
51
53
31
23
23
53
31
30
53
31
51
53
31
31
30
53
31
23
31
23
51
23
31
23
23
53
23
23
53
23
51
53
23
53
23
31
23
23
23
23
51
53
23
23
23
53
53
31
23
23
51
53
31
23
23
23
23
23
31
31
51
23
23
53
53
23
53
53
23
23
51
23
53
23
23
31
23
30
53
31
51
31
30
53
23
23
23
23
23
30
51
50
53
53
53
31
30
23
23
53
51
23
23
23
23
23
31
23
23
23
51
23
4
53
53
30
31
23
23
23
51
23
31
53
53
31
53
53
23
53
51
30
23
23
31
53
23
31
23
53
51
23
30
53
23
23
23
23
23
23
51
53
23
53
53
30
53
23
22
31
51
31
51
51
31
53
53
51
31
51
51
31
51
51
21
51
31
31
31
31
51
51
31
53
31
31
31
31
31
31
51
25
51
31
31
31
53
53
51
53
51
31
31
21
31
53
53
30
51
22
51
53
51
31
51
31
51
53
51
53
51
53
31
51
53
30
31
51
53
51
51
31
31
31
31
53
29
53
51
31
51
53
53
31
51
31
53
31
53
31
51
31
31
51
31
31
53
53
31
53
51
51
23
31
51
31
31
51
51
31
51
53
31
53
51
53
31
53
51
31
51
31
53
51
31
25
53
31
31
31
51
31
51
53
31
30
31
31
31
51
51
31
31
31
51
31
31
31
51
53
51
51
31
31
31
31
31
31
30
31
51
38
52
31
31
31
21
31
52
50
51
31
31
53
53
53
53
51
51
51
51
53
51
53
31
31
53
31
31
51
51
23
30
55
23
21
21
31
22
51
51
53
53
31
31
53
31
31
31
31
51
31
26
31
29
51
31
31
53
30
51
31
31
31
31
23
31
31
16
53
51
53
31
53
31
31
31
31
31
31
51
52
53
31
53
31
31
23
31
30
51
30
31
21
31
21
53
53
31
18
51
46
31
42
53
53
31
53
31
31
51
31
31
23
31
21
53
31
51
16
51
17
53
53
31
53
23
23
51
23
51
53
30
30
53
31
31
31
51
53
51
53
51
18
31
53
23
23
31
31
51
30
31
53
30
31
23
23
53
23
51
53
53
23
53
23
23
23
53
31
51
23
51
31
23
53
23
31
23
53
51
38
31
21
55
53
23
23
31
21
51
31
53
53
31
31
51
23
23
53
51
53
31
31
23
51
53
53
23
53
51
23
30
23
53
23
23
23
23
30
51
31
53
31
23
53
30
23
23
23
51
53
53
53
23
53
53
23
23
23
51
53
21
23
23
23
23
53
23
23
51
53
53
53
23
23
23
23
53
23
51
53
31
31
23
17
23
23
30
31
51
53
23
23
23
23
53
23
22
23
51
53
31
23
23
23
53
53
23
23
51
51
30
53
23
23
23
23
23
23
51
53
23
30
23
23
23
53
53
53
51
31
23
23
53
31
23
23
23
23
51
31
31
53
53
31
31
53
31
31
51
30
53
53
31
51
31
51
31
51
51
53
31
31
31
51
31
30
31
17
51
31
51
22
31
31
31
53
51
31
51
51
31
31
31
53
53
51
51
53
51
51
31
31
31
31
31
31
31
53
51
31
31
30
30
31
31
31
53
31
51
51
31
51
31
53
53
31
31
31
51
51
31
51
31
31
23
31
50
22
51
31
31
31
31
31
31
31
51
53
51
53
53
53
53
23
52
31
51
31
51
31
51
53
53
31
31
31
23
31
51
31
53
53
51
31
31
31
51
31
51
53
31
53
21
52
53
31
30
50
51
31
31
53
31
53
31
51
51
51
51
31
31
31
31
31
31
51
31
16
51
42
53
23
21
53
23
53
23
23
51
53
31
31
31
31
31
30
31
46
51
31
30
31
21
31
31
31
51
31
51
23
31
53
31
51
48
21
23
51
51
53
31
31
51
21
21
31
30
51
51
53
53
53
53
31
21
31
51
53
51
21
53
23
23
53
23
30
51
31
51
51
31
17
23
51
31
50
31
31
51
31
53
53
31
31
31
30
31
23
51
30
31
31
31
23
31
23
23
23
51
53
53
53
31
31
53
53
31
53
51
53
30
31
53
31
53
51
53
51
51
53
51
23
23
53
23
23
23
23
51
31
23
31
21
30
53
31
30
31
51
31
50
23
53
31
51
30
31
53
51
31
23
23
23
23
23
23
23
23
51
53
53
31
30
23
53
30
46
53
51
53
23
23
23
27
31
53
31
53
51
31
23
31
53
23
51
23
53
23
51
53
31
23
30
31
30
53
23
53
51
23
31
30
53
23
23
23
23
23
51
31
23
31
23
31
23
31
23
23
51
30
53
53
30
23
30
31
23
30
51
31
23
53
31
23
23
53
23
23
51
53
23
30
31
23
53
30
31
53
51
53
23
30
23
23
30
23
23
23
51
23
23
23
23
23
30
23
23
23
51
30
53
23
30
31
23
53
31
31
51
53
31
23
31
23
23
23
30
53
51
53
53
30
23
23
23
53
23
23
51
53
53
53
23
53
30
23
31
31
51
53
23
53
23
23
23
23
23
23
51
55
51
50
51
31
52
51
31
51
51
50
51
51
55
50
53
30
51
51
51
18
29
46
51
22
47
47
47
25
51
51
51
51
53
51
23
52
52
51
51
51
55
51
51
51
50
51
30
51
51
50
41
31
51
52
51
8
51
31
51
51
51
50
52
23
31
51
31
52
51
15
55
31
51
47
51
51
53
51
51
47
31
30
51
51
52
53
23
51
51
53
52
51
31
52
52
31
45
51
51
47
31
22
51
51
51
55
31
47
51
53
22
52
31
25
23
51
51
51
51
51
51
55
53
53
53
23
53
53
51
33
51
54
51
51
47
31
31
53
51
53
52
51
51
31
51
31
23
51
51
51
51
52
51
51
31
53
53
51
51
51
53
50
51
53
47
51
51
51
51
47
55
22
21
47
26
51
30
22
51
51
51
51
51
31
51
55
31
53
51
51
31
51
52
53
23
31
47
55
51
51
53
23
55
51
31
23
53
51
51
53
53
51
53
53
31
31
53
31
51
31
53
53
55
53
53
51
31
31
51
53
31
53
31
31
31
31
31
53
51
22
51
31
31
51
31
53
53
31
51
22
31
31
53
47
31
31
47
23
51
53
30
55
53
21
53
31
23
31
51
53
31
51
23
53
53
51
31
30
51
51
53
31
31
51
30
22
31
31
51
53
53
53
53
51
53
4
30
31
51
53
53
53
31
53
31
31
53
17
51
53
53
31
31
53
53
23
53
31
51
30
31
30
31
31
23
53
53
31
51
23
53
51
53
53
31
18
53
53
51
53
23
31
31
53
31
30
31
31
51
53
53
53
31
53
23
23
23
23
51
30
31
53
31
53
30
53
23
53
51
31
30
53
23
53
23
53
53
53
51
31
23
53
23
23
23
53
30
53
51
31
31
53
53
53
53
23
53
53
51
53
53
31
23
23
53
53
53
53
51
53
53
31
31
23
53
31
23
23
51
30
53
30
23
30
53
53
53
23
51
53
53
30
53
53
53
53
23
53
51
30
53
53
53
53
53
23
25
23
51
23
31
31
53
53
53
23
53
53
51
31
23
23
53
53
53
30
23
23
51
53
53
31
30
23
23
23
31
23
