632
2211
155
18
19
2221
175
22
1
35
632
100
585
90
153
171
2322
126
326
324
632
117
184
201
130
99
577
1249
1247
148
632
1406
1653
192
198
15
203
3
36
181
632
165
105
101
395
328
93
84
169
2321
632
83
1245
156
1250
141
137
194
2385
159
632
43
531
2214
1213
195
2
755
62
33
632
586
176
172
167
86
87
170
123
177
632
144
157
1246
95
2223
132
150
145
1248
632
9
6
182
8
5
16
63
34
4
632
2328
91
2162
578
402
168
1569
88
124
632
196
754
96
146
240
143
142
173
197
632
199
17
7
592
319
190
316
191
60
632
462
89
92
125
127
315
327
405
85
632
1225
2215
2387
579
131
188
160
98
322
632
1209
572
573
193
163
61
2216
204
2355
632
128
1260
310
154
1282
1283
2318
280
470
632
161
185
97
241
1252
1251
2386
2175
158
632
559
560
555
533
532
674
189
556
561
632
70
2329
350
314
2330
325
282
2318
403
632
2178
97
242
2176
136
243
323
138
245
632
512
660
494
553
554
557
558
2355
164
632
495
311
406
474
2163
385
2271
410
1279
632
1828
202
1807
174
420
151
2362
149
1779
632
1845
1637
671
1862
1778
320
2356
223
317
632
1465
2233
1286
1287
2150
528
529
582
265
632
118
1291
2217
756
874
1391
1324
1158
2388
632
962
200
1640
1863
1384
2361
666
318
1793
632
112
460
2333
2323
312
284
2332
2306
281
632
1399
696
1560
865
583
781
252
811
1395
632
1055
918
1855
1629
428
1479
915
1558
1490
632
473
396
2319
527
1544
407
1281
1545
584
632
916
1780
766
779
1368
1110
899
244
861
632
1526
2080
738
2093
2075
1841
221
430
389
632
1768
2324
472
483
2318
1601
346
264
412
632
1836
868
650
759
1030
2252
906
1591
2253
632
686
237
505
1524
1455
2016
1674
1670
1527
632
2342
496
289
2307
344
2272
387
411
525
632
509
504
2357
1571
898
1585
1028
900
1665
632
238
506
1372
1383
1675
431
1811
2343
797
632
393
2316
423
287
388
580
581
348
1821
632
1261
1015
1866
2219
1603
2363
2250
908
907
632
1951
1534
701
2359
2360
1721
1671
1809
1753
632
2314
394
2311
1369
285
345
313
1280
2312
632
1003
668
1530
832
2376
1373
1488
2251
775
632
507
675
234
235
1834
1754
429
1565
222
632
2235
1515
1265
349
2304
2331
404
526
347
632
1499
927
838
464
710
1570
1819
1661
1662
632
703
78
1236
1223
2225
77
2225
73
1361
632
936
452
1292
1321
1322
147
1215
2341
1234
632
1308
437
438
928
436
951
390
2410
129
632
2249
1359
1357
71
75
1237
1358
2164
74
632
82
1294
66
2338
2339
29
134
135
2340
632
162
2404
1310
1241
1965
2370
757
2368
180
632
183
1238
2189
1360
2187
2247
2193
1362
2243
632
454
2179
1500
64
65
2224
1351
1217
1338
632
1829
1311
536
1353
1891
433
2406
383
709
632
2168
2190
76
2169
1240
2194
72
2226
2226
632
1404
67
30
1334
1284
2218
2336
10
133
632
882
808
716
435
1312
1023
2369
1711
1680
632
610
2254
2170
2188
2248
2227
2151
2244
1243
632
1285
1408
1924
1889
139
68
1297
1762
308
632
534
935
1968
538
537
384
434
535
1709
632
1239
1226
1610
646
1363
1679
1244
178
2166
632
510
1335
1323
1925
952
2337
69
205
206
632
720
691
1220
2407
1242
892
339
1485
413
632
1163
2177
1763
2258
2173
2167
1407
1354
1172
632
1319
1320
487
109
1270
953
1274
1352
1648
632
1218
140
2408
1968
2409
2353
1370
1160
637
632
2093
2230
2255
2245
2260
1153
2165
2195
1817
632
1827
1216
108
1040
647
1275
1540
1649
1339
632
530
1949
1137
1221
2046
2405
1710
1378
845
632
2231
2045
1843
1764
1344
938
791
1895
1326
632
1611
1409
1315
1276
1549
1345
11
1304
885
632
2066
1219
1366
2031
854
1849
2054
1852
2411
632
1342
414
740
944
810
881
1751
2256
2198
632
458
106
511
32
2222
1666
254
1552
1256
632
878
699
2018
767
1966
883
1222
340
800
632
2259
740
2004
2228
743
1349
2128
1579
2401
632
611
2320
1077
1273
31
795
1264
255
254
632
882
808
1884
1474
789
883
747
817
2044
632
1676
1458
2246
1618
827
2300
2300
1347
1436
632
1548
1271
260
1573
1605
1262
1497
1258
2119
632
724
1364
1941
1952
2196
1377
1846
1119
2044
632
1939
2298
1765
1343
2300
1355
2129
2398
1350
632
1940
723
801
1912
1761
1257
1964
955
1492
632
1599
868
730
988
1589
1903
1909
638
1620
632
1511
1054
1340
867
1619
2262
1348
1752
1663
632
1455
1977
1886
646
256
257
2033
1396
2282
632
737
1506
1943
767
1944
1954
1909
1024
1214
632
1189
1957
2297
2302
1073
1602
2261
1593
2301
632
1472
723
677
1495
1559
1541
1259
1306
1760
632
1942
1950
1510
1535
1755
1429
1026
1959
2367
632
2303
1341
2229
2126
2017
2400
2399
2300
2257
632
2116
1542
1272
261
2120
1481
1628
1556
1557
632
1600
2119
1884
729
1945
1786
1659
2402
2403
632
2065
970
1065
1115
810
1148
946
1049
490
632
2073
858
830
1861
1865
2070
1990
1434
1567
632
1161
1988
888
1013
863
1104
1857
2067
1039
632
2124
1062
850
2091
1517
977
2010
1374
1377
632
2077
2117
492
1861
2147
870
2068
1478
1069
632
623
879
1798
2094
1639
2022
939
768
764
632
2125
1049
1183
700
2132
1412
967
1170
334
632
2158
417
2130
2083
1462
1385
1642
643
1152
632
2122
1978
1519
1067
1029
1390
2088
1997
2119
632
1987
920
1066
1012
1465
2089
1201
1856
2071
632
2344
1018
1929
1669
1871
2053
1380
679
1036
632
1046
79
776
2079
1071
1574
1114
1105
1293
632
995
837
1994
1115
1931
2085
1476
523
1962
632
1981
2115
1858
484
1936
1167
1595
2377
1904
632
2055
2113
711
798
1191
1149
1027
2069
1456
632
606
2005
94
1457
965
329
1520
969
1150
632
2054
2379
2072
2084
1490
652
1031
1588
1435
632
1814
1815
81
658
1989
226
1381
904
338
632
996
1192
1983
1012
330
1681
956
444
2022
632
1402
2115
1460
2350
1139
1934
870
1712
1592
632
849
684
1995
80
1092
1857
1074
1851
1890
632
2003
1918
1991
739
2007
2008
1645
983
982
632
1052
485
940
1490
1606
2207
2380
1683
2345
632
2097
665
2036
1180
186
2389
2026
772
1854
632
997
1162
1184
1185
965
978
1146
851
1202
632
1102
1466
1915
1920
249
1397
1443
2347
2378
632
917
1470
1020
911
909
2024
1872
1089
1854
632
121
445
981
979
993
217
968
332
1166
632
493
1881
236
262
1882
812
246
1730
2144
632
1210
1471
351
1466
2073
1773
336
500
1107
632
539
1017
2077
331
218
1832
459
2123
980
632
1439
1491
432
1896
725
1430
1433
247
1631
632
624
905
912
712
1656
910
1075
769
2240
632
727
1424
981
1490
2061
497
212
1151
546
632
1431
1888
2148
1422
1678
253
2142
1590
2263
632
694
352
1042
426
1853
399
1657
266
224
632
366
2290
2308
274
1090
1199
1638
1200
214
632
2087
367
1581
1805
386
2381
2264
1138
1996
632
1255
424
427
871
401
635
501
397
400
632
721
1917
1536
2308
1147
544
2287
930
1850
632
2025
1447
1621
2145
1947
2349
408
475
1714
632
187
718
2062
636
639
1098
398
337
1897
632
728
232
304
547
543
1493
543
545
524
632
1506
2159
1916
1699
2348
471
1468
2143
251
632
419
1507
839
2128
719
1858
1857
1658
673
632
2326
549
548
979
2317
2309
333
213
931
632
418
1403
1094
1582
1722
2146
2346
2263
409
632
1001
1538
846
1014
1093
990
278
640
783
632
489
2101
884
765
1477
807
1151
1453
805
632
2099
446
439
476
825
1356
1011
2186
1057
632
759
1993
2029
1876
894
1626
774
1101
985
632
1546
872
809
1515
764
1906
802
777
760
632
612
1325
1812
617
361
731
1789
881
207
632
733
2118
2001
876
974
836
1103
1389
745
632
758
872
1586
1509
1331
1633
821
889
1392
632
1719
2039
229
440
1096
116
2115
945
653
632
698
842
1021
1874
842
834
1922
1634
1475
632
1999
1440
1907
860
1955
896
1613
1037
880
632
855
587
2110
825
2002
1116
890
1224
2184
632
2042
858
2135
876
843
1441
986
950
1390
632
893
1844
1926
784
1616
2030
1410
862
1120
632
1278
705
825
1999
441
1041
1555
1059
933
632
2102
2108
814
1875
843
1523
1389
942
1465
632
937
1892
1442
1641
822
1336
897
1332
1449
632
466
341
2109
2180
2133
2171
2185
152
166
632
2100
1986
651
877
843
835
770
1459
1386
632
2127
1891
886
1427
1038
1614
1561
1154
645
632
227
1267
342
239
2373
477
866
208
850
632
2191
2075
1975
1461
1636
2113
1007
1005
1635
632
1432
1547
1842
2354
2056
1423
790
887
1333
632
1451
706
502
2081
279
1425
2334
1790
878
632
695
1576
1501
2080
842
1036
1992
885
1454
632
1203
631
541
1509
823
938
302
1651
1718
632
2327
503
486
1996
2174
2115
753
1525
515
632
622
656
576
1502
2076
975
998
1513
957
632
689
1382
1810
853
2374
1587
1652
800
591
632
469
1095
2108
1553
211
1746
596
812
1703
632
1091
2273
1745
973
1627
1032
1514
751
2213
632
1919
2096
122
1615
1956
1728
2418
1720
1482
632
1305
1918
2371
1792
478
209
1700
2199
298
632
690
1664
1504
1516
2140
2141
2266
1691
1053
632
1825
692
1496
1550
1769
1803
1411
589
2425
632
1206
482
1756
343
2182
1702
2206
516
2172
632
1494
2204
1630
816
1449
658
1693
2139
987
632
513
1117
2390
1704
1006
1770
1337
263
1660
632
588
1784
2393
2288
2391
2201
210
1701
1748
632
2358
1187
2108
1742
1537
989
2137
1740
1692
632
1088
2023
1089
1804
683
1958
2364
2419
303
632
2192
2149
600
2372
594
301
540
300
599
632
699
1490
1953
2265
1744
2269
1741
1387
2267
632
693
1933
875
1887
1794
2375
1729
1716
1852
632
697
228
2293
2392
2294
2183
299
2289
2281
632
702
2118
1976
2063
2296
2035
1991
2310
2138
632
2070
542
1927
1705
258
259
590
2366
2365
632
508
2395
2181
595
1747
597
2315
598
2200
632
954
1543
2274
2275
1518
1743
2396
2397
2394
632
1114
791
2032
1002
1838
1796
1521
608
1986
632
1820
2027
857
891
1928
1050
1141
1113
828
632
1193
1060
1677
1419
2119
456
1288
1416
2156
632
1632
1400
929
1047
1065
1797
2128
813
1173
632
1082
1818
1930
2037
518
2088
363
1788
362
632
2038
1022
1058
359
1577
1417
1667
455
1085
632
913
1011
2285
2291
2051
1034
1879
648
681
632
1082
994
2136
2131
2041
2039
1121
1068
744
632
1118
2120
1967
1963
1393
270
1672
2208
463
632
735
887
1164
1905
1835
1867
1634
676
2000
632
1801
2028
2134
2105
305
1129
1122
1142
867
632
2202
355
815
1008
1905
1106
1414
1673
966
632
491
948
629
1365
1010
1070
1962
943
609
632
2015
1473
856
465
1130
2039
1668
1757
1131
632
1375
682
662
901
353
1044
942
651
780
632
947
1140
1113
2080
1016
1061
1155
1880
1791
632
574
2197
2160
306
1739
2157
2106
2420
593
632
321
1108
976
1998
1418
793
2009
657
2210
632
1486
2286
1923
1277
607
761
972
1893
1993
632
1822
1078
520
521
1367
107
1735
2154
1142
632
1097
2120
2006
2043
1738
1289
1985
1316
1415
632
2089
736
852
1898
1840
1301
1870
1171
804
632
2239
479
2236
2237
380
1736
519
1132
1758
632
1583
2203
2220
269
1877
1578
2209
1175
1910
632
1938
914
1522
1787
2107
1048
1101
1894
1299
632
1211
1707
785
2128
2424
2238
2422
378
379
632
2065
1498
641
1982
903
356
357
461
788
632
2059
2351
1865
1899
1010
734
1864
1295
672
632
364
1682
2205
1737
2095
1733
2152
1731
550
632
2040
267
360
2241
1935
1960
1646
1290
1309
632
2352
752
1329
1000
1839
844
1263
1174
661
632
468
1806
1808
1734
1732
2423
1749
1750
2155
632
2047
2121
1035
1464
449
1878
1307
2212
447
632
1327
1885
372
1296
1300
973
2292
1421
1169
632
1083
575
1181
1111
415
1531
552
1566
2421
632
2057
1426
268
1554
1911
1266
1438
354
358
632
2012
1584
2058
1833
2278
371
2279
2283
1313
632
922
365
2134
2161
1049
288
1609
551
1759
632
1099
902
1448
421
422
2242
457
272
1717
632
1487
1302
999
1508
373
1268
2034
375
376
632
2049
1802
307
2234
2153
2087
1607
613
1608
632
514
1723
2011
2413
1551
1873
271
448
2412
632
1100
374
2276
377
1269
2295
371
1314
2280
632
1715
1824
1533
1597
840
381
1908
895
480
632
2078
642
2415
1647
283
450
451
2232
1694
632
2270
856
1303
2284
2297
2277
1298
2299
2305
632
1948
1539
726
735
2041
1598
382
481
1785
632
1045
2417
873
1330
2414
2416
2413
2412
273
632
704
628
633
749
620
1135
1112
601
1650
632
103
819
1145
50
110
782
114
1227
1413
632
2335
634
630
1972
1612
58
56
20
568
632
2052
1025
467
113
1179
564
1126
1136
603
632
1969
44
667
924
925
111
1208
115
1961
632
39
14
2384
1799
1205
1973
391
826
1970
632
626
949
627
1233
562
604
2103
179
1128
632
309
41
1086
934
24
1483
654
1317
829
632
54
1188
1816
1379
1974
1197
961
416
829
632
625
102
750
1109
1231
1127
605
566
1177
632
52
963
42
1087
1971
649
26
655
25
632
680
38
1228
2382
215
225
1480
1563
1198
632
2086
1159
687
1235
971
522
565
941
567
632
104
1405
46
1596
1019
45
1688
1043
1318
632
1851
1212
778
12
2383
1376
959
275
762
632
1084
1484
1232
1124
1125
1182
1166
602
659
632
818
926
119
1168
1169
27
824
644
1388
632
40
51
13
443
59
570
796
1643
21
632
2052
688
748
837
1079
1118
1165
1178
1463
632
1946
921
1594
1207
659
292
1072
28
53
632
1143
713
335
57
1623
1080
250
1195
763
632
2114
2067
2092
621
1156
707
1467
685
1346
632
1775
120
806
23
771
1376
678
1900
1051
632
2013
1617
1868
1528
1622
1622
1901
786
1420
632
2020
820
1979
859
517
1902
1133
670
1134
632
37
1532
964
1144
47
1795
1713
48
453
632
1826
2325
55
1913
442
960
1568
248
864
632
2021
1932
1204
563
1689
2029
2104
615
618
632
803
847
1452
1783
663
1725
49
1033
1771
632
732
714
1848
1503
2050
742
571
787
1604
632
717
869
1774
1575
2119
708
1837
2111
1690
632
1089
1394
1064
1149
809
664
293
1772
1781
632
958
1186
488
2082
794
1625
1196
844
392
632
1253
1698
774
1464
1776
848
619
1081
1450
632
1562
923
1157
867
1782
1529
1444
1984
1123
632
2064
833
991
1624
1056
2268
368
369
1813
632
1254
1580
1979
1980
831
616
1076
1695
746
632
1063
1445
1823
1696
1684
1726
1328
984
1686
632
1830
1831
1401
219
715
216
773
1644
799
632
1937
1512
1505
2060
2112
1777
1708
230
1654
632
1883
1767
1489
290
291
1176
499
1706
1847
632
718
741
1398
1371
425
792
1800
1564
276
632
722
1229
1230
1194
1921
669
2074
1446
233
632
1914
1860
1724
1469
1437
1685
781
295
1428
632
1190
2098
2048
773
792
1869
277
569
286
632
2014
841
919
1727
2090
614
231
2115
1655
632
1004
297
294
1859
1697
498
1766
1687
296
632
2012
2019
932
992
220
2313
1572
1009
370
