841
2101
697
1026
1027
1489
1067
1024
566
1468
841
2003
2080
2118
2120
2000
1138
2134
1978
1979
841
1820
1079
904
1484
905
2063
1008
1010
908
841
564
1000
897
1068
1025
1490
567
1469
1493
841
2007
1060
2146
2186
1980
2135
2117
2005
1426
841
1072
1013
1438
1007
664
902
907
21
1062
841
1023
500
1491
1492
895
571
789
503
932
841
2096
1985
2006
2001
2121
2122
1434
2137
2008
841
1443
1442
1011
905
1485
1436
909
664
1007
841
565
569
501
572
573
1028
504
933
568
841
480
2144
2110
2081
2191
1434
1942
2116
2138
841
970
1834
662
665
1077
663
664
1439
666
841
699
1029
570
2087
703
897
701
1069
503
841
1888
2119
2139
2145
2136
679
1976
2181
2116
841
972
1482
2180
2108
1484
695
1109
906
1057
841
502
2091
2092
898
1070
505
1487
1488
1194
841
425
2077
2114
1061
83
84
1425
559
835
841
1440
1445
904
1077
1009
1012
22
2055
906
841
2171
2172
550
506
507
759
896
548
552
841
2009
1956
1990
681
479
1977
559
1425
2191
841
2111
903
1078
2113
1437
1075
900
901
1076
841
585
926
966
551
546
547
549
1194
891
841
1919
2115
2182
833
2109
2208
1417
2178
82
841
1483
903
2078
1441
2179
910
2214
908
2082
841
1831
873
1720
734
2088
705
1195
893
702
841
394
2123
165
2058
2124
76
76
2069
684
841
971
164
1071
838
763
772
774
923
21
841
1715
698
1841
1343
1845
1192
1118
707
59
841
1890
2196
479
826
680
560
1953
1420
559
841
1112
1926
1110
790
2064
754
1073
727
924
841
817
927
1796
1800
724
760
946
776
956
841
2187
831
1427
79
1940
2181
81
74
2070
841
979
45
864
930
404
605
925
1074
749
841
1207
852
671
985
794
1845
899
1188
1189
841
1932
827
2212
480
1426
1941
1105
682
2170
841
1925
1835
406
406
752
1412
1691
752
1413
841
1228
708
1141
1239
733
1549
1460
743
744
841
1889
1919
2197
1419
362
1418
2168
1955
77
841
1966
1965
1967
785
731
590
753
737
738
841
700
1233
939
1796
1462
725
2089
1461
1843
841
2184
465
80
1056
2209
2067
2068
1107
75
841
154
1111
961
1486
732
2214
1658
1689
1375
841
1265
668
986
1193
1195
62
745
2090
1460
841
464
2185
464
2047
1056
1106
683
81
161
841
1343
404
963
855
2084
881
589
1656
751
841
822
1291
706
704
1336
1463
724
1843
894
841
2133
1606
1282
1767
1419
1954
2181
78
1108
841
600
962
961
2105
878
723
720
722
721
841
367
1039
1019
1019
2132
441
2127
439
508
841
1723
914
1397
1660
1662
1507
2044
1198
1356
841
230
1101
1101
581
1099
791
117
1458
1100
841
484
246
247
442
443
1357
508
2052
439
841
1513
1649
918
1200
1196
1675
1508
1509
1202
841
1949
2099
227
1309
1248
1930
993
1929
224
841
2021
1014
322
512
323
2141
317
509
2140
841
967
2004
1017
917
916
968
1665
2045
1669
841
1884
229
2165
2024
798
1102
1455
90
213
841
2079
324
1040
2062
1015
320
440
2127
2129
841
1295
919
1679
142
152
1851
1197
1058
1510
841
1885
1736
1266
1104
229
1546
1929
1404
742
841
2048
1657
2060
321
2149
2128
2143
2140
975
841
144
1579
1355
964
1507
916
1349
1038
1059
841
1097
1245
1243
2102
2033
1421
1103
1098
579
841
1016
2019
169
1735
511
170
1355
969
2052
841
828
143
1663
1020
2046
1196
922
920
921
841
1708
1333
1472
2100
1709
1555
225
458
2169
841
1728
2112
1934
1659
2061
2053
171
1389
857
841
1661
1664
1199
1505
1646
1355
140
1666
1571
841
1707
2034
2099
1246
1456
228
735
741
1241
841
189
1877
1657
2142
160
886
2054
318
172
841
983
1371
1504
767
1827
141
1583
1573
1670
841
1950
781
1187
603
1117
1457
1362
741
742
841
481
1936
1736
1992
1963
788
1750
491
517
841
1793
1185
1650
1647
145
1671
1676
1667
166
841
980
1473
797
1117
1724
1474
1826
942
1459
841
222
2147
1352
188
1352
870
108
158
319
841
1506
1504
965
1680
964
609
1086
773
151
841
1706
781
871
795
1240
452
1481
226
1557
841
482
186
1571
2130
197
1391
1726
173
553
841
983
1201
1004
146
1681
1531
1646
1084
1084
841
1706
1337
1377
795
782
1927
205
1817
1687
841
1272
378
2148
580
1830
461
461
1390
1156
841
2097
147
915
630
608
1672
631
150
948
841
997
796
1225
1226
1022
791
1244
1698
992
841
198
471
557
1964
223
510
973
554
1399
841
1374
1578
582
1253
768
153
168
941
769
841
1247
1534
1727
936
798
1181
735
1242
1208
841
1271
1005
285
1352
558
1655
1392
109
110
841
1018
497
1250
1827
1085
1085
976
167
1151
841
1938
1331
937
1120
940
1218
1181
1554
408
841
1001
1273
219
473
1935
61
1655
992
462
841
1003
1578
940
1312
1401
771
150
231
583
841
1895
1211
797
672
1367
1363
1554
1212
1931
841
471
286
2131
1119
1731
556
555
461
159
841
842
1358
146
1087
497
628
1576
574
644
841
1584
796
608
994
2215
257
1219
1479
1480
841
875
1693
396
1699
1700
1611
190
1905
133
841
1232
399
394
859
859
1747
973
775
385
841
1164
1774
1750
396
292
289
792
329
2010
841
1257
1684
1823
1341
493
1223
1338
1838
1179
841
1588
1376
2166
654
2154
1382
1803
613
881
841
1819
400
1560
290
1124
328
296
793
360
841
1734
1765
1527
994
1872
1178
1594
1830
2017
841
2103
1951
1360
861
384
612
652
928
1804
841
400
1375
849
1791
1127
359
328
883
1692
841
1844
1892
1174
1341
1184
872
755
1342
995
841
1585
1914
1898
2035
654
779
1799
591
1565
841
391
913
1622
1614
1334
998
1558
288
2207
841
1162
1823
1893
1893
499
1857
1685
2025
1686
841
1343
1376
606
621
1899
736
733
1035
1568
841
1304
1825
1622
985
1617
858
2011
379
1603
841
1886
1892
1991
804
1320
1983
806
1894
1608
841
853
2038
1733
627
848
653
611
614
775
841
1957
1958
1082
1314
368
911
1733
2012
10
841
376
952
1703
1780
1981
808
858
133
806
841
1444
1914
606
71
1805
1859
1748
1860
601
841
211
1620
1774
667
333
1532
1892
800
959
841
1734
1823
1703
1229
1348
1347
1604
1597
1894
841
494
2189
929
610
1361
520
2040
613
70
841
1936
393
1749
1560
694
2073
856
1716
766
841
1306
1684
1525
1526
1690
1594
1613
805
756
841
853
988
625
780
689
1375
1862
69
1036
841
392
384
1790
2014
2013
385
359
1274
801
841
1984
217
1701
1702
730
1042
495
2017
860
841
834
777
685
686
778
1803
687
645
545
841
1778
1790
409
1353
1615
802
8
1839
288
841
2161
1693
1533
1982
1043
958
2026
1818
1598
841
1252
1376
1435
1726
1747
637
641
691
1861
841
1779
1792
2015
1536
2074
2016
803
942
829
841
875
1372
1701
1612
1153
1224
1044
1612
128
841
2049
1854
2155
610
2039
688
2150
602
518
841
1776
1041
331
1519
985
2173
39
692
693
841
892
467
469
1083
1153
757
860
758
1046
841
1322
696
2216
1855
1521
2051
521
1804
1565
841
1777
2163
1520
1747
2174
13
1836
2175
2175
841
1912
1829
1601
131
1611
129
134
262
1347
841
381
1548
1152
2152
178
67
2213
2210
632
841
1080
991
1623
11
12
369
2176
9
1146
841
875
1081
1511
130
128
1184
127
127
2196
841
1322
2104
779
1863
68
2211
1373
2151
690
841
2164
1144
1623
1335
1616
1614
949
40
1142
841
483
2162
1644
1874
132
134
2018
1045
262
841
1952
593
1551
1238
635
2153
69
519
2183
841
371
1154
207
1145
368
370
912
361
799
841
1591
844
846
989
1279
263
865
1629
1307
841
1304
87
85
1641
978
237
276
1761
277
841
400
1873
1781
1205
1135
1206
1729
1565
1868
841
1639
1231
271
1387
989
669
1879
357
1122
841
2036
238
1864
1682
1920
872
2065
1736
435
841
283
955
955
1303
1788
282
1842
294
1113
841
1739
844
373
1344
1581
1123
1139
383
290
841
386
1946
421
86
401
2029
739
974
978
841
1737
282
955
250
251
1302
1114
1906
1277
841
848
638
1751
862
1209
1308
338
1589
1143
841
1924
622
1129
1535
1318
278
1169
657
1759
841
956
1824
991
1939
939
1340
1891
267
301
841
848
1607
402
594
336
1626
264
1140
183
841
148
1540
1535
1161
235
1190
41
276
658
841
1783
608
299
297
1268
1285
298
1115
811
841
996
592
1230
403
656
1668
383
1580
629
841
1640
432
1231
1764
275
2066
1762
47
48
841
611
955
456
284
282
1534
248
1908
253
841
397
956
989
1582
1763
337
1280
770
1628
841
316
162
433
314
327
1637
1840
435
676
841
1766
1696
1374
1276
300
1574
1907
1602
1869
841
640
2083
1368
91
863
626
1627
196
1645
841
2037
407
825
1305
315
1947
1636
2056
1297
841
1610
713
1697
1608
1909
1270
268
861
1908
841
981
592
2204
1369
270
788
1054
1217
72
841
478
825
1642
1161
2059
740
1121
42
1638
841
944
293
2093
1269
1324
1789
1602
1284
269
841
1167
596
498
270
2071
616
1216
1167
619
841
1063
1298
1946
43
438
534
17
1299
1464
841
783
1960
714
1556
1203
252
1284
1882
719
841
1824
845
1130
339
633
642
106
73
772
841
149
1231
325
1866
1643
436
1464
112
1514
841
1913
1757
1267
675
5
4
1405
54
1577
841
1856
597
1370
2075
30
617
1763
620
126
841
1787
1593
44
434
1760
1465
111
1636
2057
841
934
1758
299
957
1575
295
1403
3
1567
841
595
2041
2076
634
1329
31
1580
1055
1227
841
623
1865
36
236
35
113
437
1464
535
841
1961
882
1204
715
1278
1891
1
717
55
841
272
273
1155
618
1881
1213
32
107
1517
841
38
2107
726
326
575
1515
49
1514
19
841
784
1292
943
6
715
1406
718
249
1408
841
879
1876
1255
1210
1281
2072
636
577
887
841
1538
422
239
37
233
1762
1516
155
156
841
459
1824
1220
1324
1409
1907
1574
1407
2
841
996
2205
846
60
92
2206
624
33
34
841
478
35
57
576
536
18
157
20
112
841
1738
1275
1410
1411
1375
716
562
563
28
841
1717
332
977
814
1735
615
186
1541
1006
841
578
1916
256
1852
1402
1770
1126
1770
405
841
1922
291
1236
1904
1321
1502
243
258
308
841
1945
193
1897
1599
1003
935
176
947
335
841
1134
643
819
1529
1807
1125
1496
1359
1498
841
1694
1327
240
355
1234
260
63
1494
279
841
1711
401
220
232
195
812
639
181
343
841
1924
938
876
1388
1534
607
1528
1530
995
841
1114
1346
588
604
64
1050
54
308
1495
841
1848
1799
1742
977
340
1166
884
765
1365
841
50
1294
953
946
2194
710
1771
1125
995
841
2032
460
1740
1740
1687
1903
259
52
1561
841
1987
1379
1883
1743
1605
999
394
809
1542
841
1732
874
954
1993
711
1534
254
1853
709
841
1694
1346
261
1566
355
280
1300
1301
1741
841
1551
1784
1599
196
670
1775
762
628
1466
841
2098
850
2094
2106
123
1518
1533
124
513
841
2002
1596
1501
1903
260
1170
659
661
532
841
1263
221
1867
1395
945
343
1837
1147
265
841
184
1812
1809
1810
648
1811
514
1064
1125
841
1547
673
1692
1354
306
243
1563
96
258
841
1262
376
194
1366
787
528
340
813
182
841
1191
1813
2188
1522
305
121
1808
709
1853
841
398
2030
2031
1051
346
56
309
388
244
841
820
1712
1588
807
454
455
1704
950
529
841
836
119
650
946
116
1523
114
304
302
841
1824
598
341
241
1564
354
354
1569
1037
841
1264
474
345
177
1605
880
761
531
765
841
2167
837
122
522
1128
104
1065
513
2192
841
1710
1053
356
307
242
1323
66
245
218
841
472
1887
1416
1005
586
176
1393
389
1550
841
832
185
102
103
105
115
121
120
1066
841
877
1328
1572
655
475
1467
1350
533
1653
841
163
1378
543
530
7
1541
137
344
1624
841
950
2095
1772
1773
1524
255
2193
1249
125
841
1694
1381
1052
1237
1380
1414
1688
353
353
841
453
1744
196
345
135
1451
466
463
118
841
1002
1989
1915
29
1770
2195
712
2192
120
841
1694
674
587
1503
1499
310
1500
1047
1351
841
1262
234
1600
1825
1448
1394
958
1452
544
841
1302
51
2190
1512
1518
1528
646
1497
651
841
1782
1400
821
538
1415
660
1050
1651
537
841
1850
1449
470
541
1396
139
542
58
468
841
2050
1131
1625
649
266
303
1315
1533
1806
841
1910
1148
1453
342
1049
1654
1652
1815
53
841
1450
1937
526
470
136
466
527
138
137
841
818
1251
1849
1537
1528
647
2177
1806
1398
841
1695
1454
1590
1648
539
540
538
537
1048
841
1785
2125
830
358
824
488
1801
14
174
841
2027
405
1183
348
423
1718
1422
1021
1180
841
1794
1900
1186
201
216
1088
1089
1092
2085
841
1321
2022
415
413
489
430
1802
485
868
841
1595
1972
1429
1136
1430
424
525
1423
1313
841
1677
1673
99
750
1756
203
2159
843
1176
841
1822
187
2126
418
426
1310
1293
2020
869
841
1986
1970
1175
65
1973
1470
1428
523
931
841
1090
1730
1959
997
202
1754
191
2156
208
841
839
416
457
199
419
867
15
427
1878
841
1033
1880
1971
1179
847
363
1975
1428
1968
841
1722
1997
951
97
1030
1996
204
1475
1752
841
1256
330
1586
2023
1311
417
428
1293
431
841
2028
1332
352
1719
1180
349
446
1870
524
841
1552
840
997
1034
98
1846
1172
311
763
841
1821
492
418
866
866
420
364
727
1619
841
854
1182
1433
395
380
1471
1725
1173
810
841
1999
1094
1674
1962
1091
100
761
214
1093
841
1345
1621
1221
1618
179
1159
1786
1878
888
841
1965
375
1183
1431
1170
2203
1901
1969
350
841
1828
1116
1998
1095
584
1543
1031
1755
851
841
677
1321
1330
1933
1948
1619
1745
1619
1287
841
1875
1432
374
1974
1721
728
1718
1477
1871
841
196
281
1384
215
1713
1923
1797
764
210
841
496
387
1222
1727
414
1132
486
599
487
841
1678
1944
1168
382
351
95
1630
347
1424
841
984
1137
1096
1747
88
1177
1476
1032
1553
841
885
1944
1296
429
1289
1171
1746
1917
1918
841
594
375
1214
1632
1768
1634
347
274
2042
841
1828
1539
1842
1609
1182
192
101
1798
1319
841
1683
365
23
490
1158
1290
366
175
1288
841
1911
815
374
847
1383
1769
2201
46
1635
841
1943
1543
1592
1858
987
748
1753
1172
2158
841
1259
25
1258
1316
23
1847
1921
200
515
841
816
1163
395
1382
1633
1902
1339
1570
1823
841
1943
399
1544
1947
1005
2160
1446
1446
747
841
982
2043
476
1896
1618
824
200
516
179
841
1559
1631
1149
93
444
1478
287
1832
445
841
1795
1705
1587
1994
1386
1030
1798
746
878
841
1283
1286
1317
1260
1261
24
27
410
16
841
1165
1215
1150
2200
2202
372
823
1814
334
841
1825
1826
212
1747
2157
872
746
1562
312
841
1821
450
451
390
1133
1160
1158
890
412
841
854
1325
1630
447
1816
448
729
2201
1364
841
1828
196
1385
990
990
960
313
2086
561
841
1304
477
377
26
1157
180
411
889
678
841
1714
1988
2198
1326
94
1833
1235
449
2199
841
1928
1254
206
1545
1995
89
786
209
1447
