621
1488
523
740
740
1067
771
739
418
1047
621
1406
1471
1505
1506
1404
820
1515
1387
1387
621
1284
781
660
1062
660
1457
725
726
662
621
416
721
656
771
739
1067
419
1047
1070
621
1410
766
1523
1553
1388
1515
1504
1408
1013
621
774
729
1022
725
494
659
661
18
767
621
738
365
1068
1069
656
422
585
368
680
621
1484
1392
1409
1404
1506
1507
1019
1517
1410
621
1024
1023
727
660
1063
1021
663
494
725
621
417
421
366
423
424
741
368
680
420
621
351
1522
1497
1472
1556
1019
1361
1503
1517
621
702
1292
494
494
779
494
494
1022
495
621
525
742
421
1478
527
656
527
771
368
621
1331
1505
1518
1522
1516
507
1386
1549
1503
621
703
1060
1548
1495
1062
521
802
661
763
621
367
1481
1481
656
772
369
1065
1066
858
621
310
1468
1501
766
66
67
1012
413
615
621
1023
1026
660
779
725
728
18
1449
661
621
1543
1543
405
370
371
566
656
403
407
621
1411
1370
1395
508
350
1386
413
1012
1556
621
1498
660
780
1500
1021
777
658
658
778
621
435
676
698
406
401
402
404
858
653
621
1349
1502
1549
614
1496
1568
1007
1547
65
621
1061
660
1469
1023
1547
663
1571
662
1473
621
1290
640
1219
551
1478
529
859
655
527
621
290
1508
125
1452
1509
61
61
1461
511
621
702
124
773
618
568
574
576
674
18
621
1216
524
1295
959
1297
857
809
530
47
621
1333
1559
350
609
507
413
1368
1008
413
621
804
1353
803
586
1458
562
775
547
674
621
604
676
1270
1272
544
567
689
577
693
621
1554
613
1013
63
1361
1549
65
59
1462
621
708
38
634
678
296
451
675
776
560
621
867
627
500
713
588
1297
657
853
854
621
1356
609
1570
351
1013
1361
800
509
1542
621
1352
1292
296
296
561
1003
1201
561
1003
621
880
531
822
889
551
1106
1041
557
557
621
1332
1349
1559
1008
268
1007
1540
1369
62
621
1377
1377
1378
582
550
438
561
553
554
621
526
884
685
1270
1042
545
1479
1041
1296
621
1551
341
64
762
1568
1460
1460
800
60
621
116
803
695
1064
550
1571
1178
1201
976
621
906
497
713
857
859
50
557
1480
1041
621
341
1552
341
1442
762
800
510
65
121
621
959
296
695
630
1475
645
437
1176
560
621
607
929
529
528
955
1043
544
1296
655
621
1514
1143
921
1248
1008
1368
1549
62
801
621
448
695
695
1492
643
543
541
542
541
621
272
751
735
735
1513
325
1512
324
372
621
1220
667
990
1179
1180
1079
1440
860
966
621
173
797
797
431
796
587
90
1039
796
621
353
185
186
326
327
966
372
1447
324
621
1083
1170
669
862
860
1190
1079
1080
864
621
1365
1486
170
940
897
1354
717
1354
168
621
1421
730
238
375
239
1520
235
372
1519
621
699
1407
733
669
669
700
1182
1440
1185
621
1329
172
1538
1424
591
798
1036
71
161
621
1470
240
752
1456
731
237
324
1512
1512
621
932
670
1194
108
114
1302
860
764
1080
621
1329
1227
907
799
172
1104
1354
996
556
621
1443
1177
1454
237
1526
1512
1521
1519
706
621
109
1124
966
696
1079
669
962
750
765
621
795
894
892
1489
1430
1009
798
795
429
621
732
1419
128
1227
374
129
966
701
1447
621
610
108
1180
735
1441
860
673
671
672
621
1211
953
1050
1487
1212
1109
168
336
1541
621
1223
1499
1358
1178
1455
1447
130
984
630
621
1179
1181
861
1077
1167
966
106
1183
1119
621
1210
1431
1486
895
1037
171
552
556
891
621
145
1323
1177
1520
120
649
1448
235
131
621
711
974
1077
570
1288
107
1127
1121
1185
621
1365
580
852
450
808
1038
969
556
556
621
351
1359
1227
1397
1375
584
1235
358
380
621
1267
851
1171
1168
109
1186
1191
1184
126
621
708
1051
591
808
1221
1052
1287
687
1040
621
167
1524
964
144
964
639
86
119
236
621
1078
1077
697
1194
696
453
787
575
113
621
1210
580
639
589
890
333
1059
169
1110
621
352
144
1119
1513
149
986
1222
132
408
621
711
863
723
110
1195
1097
1167
786
786
621
1210
955
978
589
580
1353
155
1283
1200
621
911
280
1525
430
1289
339
339
985
834
621
1484
110
668
470
453
1187
471
113
689
621
720
590
878
878
737
587
893
1205
716
621
149
344
411
1376
167
373
704
408
992
621
976
1124
432
900
571
115
127
686
572
621
896
1097
1222
683
591
849
552
891
868
621
910
724
214
964
412
1175
987
86
86
621
734
362
899
1288
787
787
706
126
830
621
1359
952
683
809
686
874
849
1108
298
621
722
912
166
344
1358
49
1175
716
339
621
723
1124
686
942
994
573
113
174
433
621
1337
869
591
501
973
969
1108
869
1355
621
344
214
1513
809
1225
410
409
339
119
621
621
967
110
787
362
468
1123
425
481
621
1127
590
453
718
1572
194
874
1057
1058
621
641
1202
291
1205
1206
1145
145
1342
100
621
883
292
290
631
631
1234
704
577
283
621
840
1253
1235
291
219
216
587
243
1412
621
901
1198
1287
958
360
877
956
1294
848
621
1131
977
1538
488
1529
980
1274
455
645
621
1283
293
1112
217
812
243
220
587
266
621
1226
1246
1095
718
1318
847
1135
1289
1418
621
1490
1366
968
632
283
454
487
677
1274
621
293
976
625
1266
814
266
243
647
1202
621
1296
1335
846
958
851
640
563
958
718
621
1128
1346
1338
1432
488
579
1272
439
1115
621
287
666
1151
1146
954
721
1110
216
1567
621
838
1287
1335
1335
364
1308
1199
1425
1199
621
959
977
452
461
1338
552
551
747
1117
621
937
1287
1151
713
1148
631
1412
281
1140
621
1330
1335
1396
595
946
1390
597
1336
1144
621
628
1435
1226
467
625
487
454
456
577
621
1371
1371
784
942
273
664
1226
1413
8
621
279
691
1208
1257
1389
599
631
100
597
621
1025
1346
452
56
1274
1308
1234
1309
449
621
160
1150
1253
496
246
1097
1335
593
694
621
1226
1287
1208
881
961
961
1141
1137
1336
621
360
1555
677
454
968
382
1436
455
55
621
1359
289
1234
1112
520
1465
630
1217
569
621
938
1198
1093
1094
1201
1135
1145
596
563
621
628
714
465
579
515
976
1309
55
748
621
288
283
1265
1415
1414
283
266
913
593
621
1391
164
1207
1207
549
754
361
1418
632
621
614
578
512
513
578
1274
514
482
400
621
1255
1265
299
964
1147
594
7
1295
216
621
1535
1202
1097
1389
755
694
1426
1283
1137
621
899
977
1020
1222
1234
476
479
517
1309
621
1256
1266
1416
1098
1465
1417
594
687
611
621
641
975
1207
1145
832
877
756
1145
98
621
1444
1305
1530
454
1435
514
1527
449
381
621
1254
753
245
1088
713
1544
33
518
519
621
654
343
343
785
832
564
632
565
757
621
948
522
1573
1306
1089
1446
383
1274
1115
621
1254
1537
1088
1234
1544
10
1293
1545
1545
621
1345
1288
1139
99
1145
98
101
198
961
621
282
1105
831
1528
137
54
1570
1569
472
621
782
715
1152
9
9
274
1545
7
826
621
641
783
1081
98
98
851
97
97
1559
621
948
1491
579
1310
54
1569
975
1527
516
621
1537
825
1152
954
1147
1146
689
34
823
621
352
1536
1165
1320
99
101
1418
756
198
621
1367
441
1107
888
475
1528
55
381
1550
621
275
833
157
825
273
274
665
267
592
621
1133
623
624
715
918
199
635
1155
939
621
937
69
68
1162
707
178
208
1242
208
621
293
1319
1257
865
818
866
1224
1115
1314
621
1160
883
204
982
715
498
1325
264
811
621
1433
179
1311
1196
1349
640
1459
1227
320
621
213
693
693
936
1264
212
1296
220
805
621
1228
623
276
959
1125
811
821
283
217
621
284
1363
307
68
294
1428
555
705
707
621
1228
212
693
188
188
936
806
1342
916
621
625
477
1235
633
869
939
250
1131
824
621
1352
462
814
1098
944
209
842
490
1241
621
693
1287
715
1360
685
957
1334
202
223
621
625
1143
294
442
248
1154
199
821
141
621
111
1100
1098
838
177
855
35
208
491
621
1259
453
222
221
909
924
221
806
601
621
719
440
882
295
489
1184
283
1125
469
621
1161
317
883
1245
207
1459
1243
39
39
621
454
693
335
213
212
1097
187
1344
190
621
291
693
715
1126
1244
249
919
572
1154
621
234
122
318
232
242
1159
1295
320
504
621
1247
1204
976
915
222
1122
1343
1140
1315
621
478
1474
973
72
633
466
1154
148
1166
621
1434
297
608
937
233
1363
1159
1450
934
621
1144
535
1204
1144
1344
909
202
632
1344
621
709
440
1564
974
204
584
761
873
57
621
349
608
1163
838
1453
555
810
36
1159
621
688
219
1482
909
949
1264
1140
923
203
621
842
444
363
204
1463
457
872
842
460
621
768
934
1363
37
323
393
14
935
1044
621
581
1373
536
1109
865
189
923
1327
540
621
1287
623
815
251
473
479
84
58
574
621
112
883
241
1312
1164
321
1044
88
1084
621
1345
1239
908
503
4
3
997
44
1123
621
1307
445
974
1466
26
458
1244
460
96
621
1263
1134
37
319
1241
1044
87
1159
1451
621
681
1240
222
693
1122
220
995
2
1116
621
443
1437
1467
474
951
27
1125
761
879
621
463
1311
31
177
31
88
322
1044
393
621
1373
646
865
537
917
1334
1
539
44
621
205
205
833
459
1326
870
28
85
1086
621
32
1494
546
241
426
1084
40
1084
16
621
581
929
687
5
537
998
539
187
1000
621
644
1322
901
869
920
1464
475
428
649
621
1099
308
180
31
175
1243
1085
117
117
621
337
1287
875
949
1001
1343
1122
999
1
621
719
1565
624
48
73
1566
464
29
30
621
349
31
45
427
394
15
118
17
88
621
1228
914
1002
1002
976
538
415
415
24
621
1217
245
707
602
1227
456
144
1101
724
621
428
1347
193
1303
994
1251
813
1251
296
621
1350
218
887
1341
947
1075
184
195
228
621
1362
147
1337
1138
723
682
135
689
247
621
817
480
604
1096
1275
813
1073
967
1073
621
1203
950
181
262
885
196
51
1071
210
621
1214
294
166
174
147
601
477
140
254
621
1352
684
642
983
1097
452
1096
1096
718
621
806
960
436
450
51
759
44
228
1072
621
1299
1272
1230
707
252
841
647
569
971
621
41
931
692
689
1558
533
1251
813
718
621
1429
338
1229
1229
1200
1341
195
43
1113
621
1393
979
1328
1230
1142
721
290
600
1102
621
1225
640
692
1398
533
1097
191
1304
532
621
1203
960
197
1115
262
210
935
935
1229
621
1107
1260
1138
148
499
1253
568
468
1045
621
1485
626
1483
1493
94
1087
1097
95
376
621
1405
1136
1074
1341
196
843
492
493
392
621
905
166
1313
988
688
254
1293
827
200
621
142
1279
1276
1277
484
1278
377
769
813
621
1104
502
1202
965
227
184
1114
75
195
621
905
279
147
972
583
389
252
601
140
621
856
1279
1554
1090
226
93
1275
532
1304
621
291
1429
1429
760
256
44
229
285
184
621
605
1214
1131
598
334
334
1209
690
389
621
616
92
485
689
89
1091
89
225
224
621
1287
446
253
182
1114
261
261
1117
749
621
905
345
255
136
1142
644
568
391
569
621
1539
617
93
384
814
82
769
376
1557
621
1213
760
263
227
183
948
53
184
165
621
344
1330
1006
724
436
135
988
285
1106
621
613
143
81
81
83
89
93
93
770
621
642
950
1120
488
346
1046
962
392
1173
621
123
978
398
390
6
1101
104
254
1152
621
690
1483
1252
1252
1092
192
1557
898
95
621
1203
979
760
887
979
1004
1200
261
261
621
333
1231
148
255
102
1032
342
340
91
621
722
1394
1346
25
1251
1558
534
1557
93
621
1203
502
436
1076
1074
229
1074
758
963
621
905
176
1138
1287
1029
988
694
1033
399
621
936
42
1555
1082
1087
1096
483
1073
486
621
1258
993
606
395
1005
492
759
1172
395
621
1301
1030
344
396
989
105
397
46
343
621
1445
816
1153
484
201
224
943
1097
1275
621
1345
828
1034
253
758
1174
1172
1281
43
621
1031
1359
387
344
103
342
388
104
104
621
604
899
1300
1098
1096
483
1546
1275
991
621
1203
1035
1132
1169
395
395
395
395
758
621
1261
1510
612
265
608
356
1273
11
133
621
1427
296
850
258
309
1218
1010
736
848
621
1268
1339
851
152
163
788
789
792
1476
621
947
1422
303
302
357
315
1273
354
637
621
1135
1382
1015
819
1015
309
386
1010
942
621
1192
1188
78
560
1238
153
1533
622
847
621
1286
144
1511
305
311
941
930
1420
638
621
1392
1381
846
52
1383
1048
1014
385
679
621
790
1224
1372
720
152
1236
146
1531
157
621
619
303
335
150
305
636
12
312
1324
621
745
1325
1381
848
624
269
1385
1014
1379
621
1219
1402
690
76
743
1401
154
1053
1236
621
901
244
1129
1423
941
304
313
930
316
621
1427
952
260
1218
848
258
329
1316
385
621
1107
620
720
746
77
1297
844
230
568
621
1285
359
305
636
636
306
270
547
1150
621
629
849
1018
290
281
1049
1221
845
600
621
1403
792
1189
1374
791
79
568
162
792
621
959
1150
876
1149
138
837
1262
1324
650
621
1377
278
850
1016
843
1563
1340
1380
259
621
1288
807
1402
793
434
1103
744
1237
626
621
505
947
951
1357
1364
1150
1232
1150
926
621
1321
1017
277
1384
1219
548
1218
1055
1317
621
148
211
981
162
1215
1351
1270
568
159
621
361
284
876
1222
302
817
354
447
355
621
1193
1362
842
282
259
74
1156
257
1011
621
712
819
794
1234
70
847
1054
744
1107
621
648
1362
933
314
928
843
1233
1348
1348
621
442
278
871
1157
1249
1158
257
206
1438
621
1288
1099
1296
1144
849
146
80
1271
945
621
1197
271
19
357
836
928
271
134
927
621
1345
603
277
624
980
1250
1561
38
1158
621
1362
1103
1133
1308
713
559
1236
844
1532
621
903
21
902
944
19
1298
1349
151
378
621
603
839
290
980
1157
1340
956
1118
1287
621
1362
292
1103
1363
724
1534
1027
1027
558
621
710
1439
347
1337
1149
608
151
379
138
621
1111
1156
829
74
328
1056
215
1291
328
621
1269
1209
1130
1399
981
743
1271
558
643
621
922
925
944
904
904
20
23
300
13
621
840
871
829
1560
1562
275
607
1280
246
621
1287
1287
160
1234
1531
640
558
1113
230
621
1285
332
332
286
817
837
836
652
301
621
629
949
1156
329
1282
330
548
1561
970
621
1288
148
981
715
715
694
231
1477
414
621
937
348
279
22
835
139
300
651
506
621
1215
1393
1560
949
74
1291
886
331
1560
621
1353
900
156
1103
1400
70
582
158
1028
