573
1750
140
17
18
1760
159
21
1
33
573
91
532
83
138
155
1844
115
298
296
573
107
168
184
119
90
524
1014
1013
134
573
1151
1336
176
181
14
186
2
34
165
573
150
96
92
363
300
86
78
153
1843
573
77
1011
141
1015
129
125
178
1896
144
573
41
479
1753
980
178
1
668
58
31
573
533
160
156
152
79
80
154
112
161
573
131
142
1012
88
1762
121
135
131
1013
573
8
5
166
7
4
15
59
32
3
573
1849
84
1704
525
368
152
1270
81
113
573
179
667
88
132
222
130
129
157
180
573
182
16
6
538
291
174
288
175
56
573
420
82
85
114
116
287
299
369
78
573
991
1754
1898
526
120
172
145
89
294
573
976
519
520
177
148
57
1755
187
1870
573
117
1025
283
139
1044
1045
1841
256
428
573
146
169
89
223
1017
1016
1897
1717
143
573
506
507
502
481
480
606
173
503
508
573
64
1850
321
286
1851
297
256
1841
368
573
1720
89
224
1718
124
225
295
126
227
573
461
593
447
500
501
504
505
1870
149
573
448
284
370
432
1705
353
1808
374
1041
573
1495
185
1474
158
384
136
1875
134
1450
573
1509
1323
603
1521
1449
292
1871
206
289
573
1197
1771
1048
1049
1692
476
477
529
244
573
107
1052
1756
669
727
1140
1085
929
1899
573
787
183
1324
1521
1136
1874
599
290
1461
573
102
418
1853
1844
285
258
1852
1834
256
573
1145
627
1262
723
530
682
234
696
1143
573
851
758
1517
1318
391
1205
755
1261
1213
573
431
364
1842
475
1249
371
1043
1249
531
573
756
1451
675
681
1128
892
741
226
721
573
1236
1654
655
1660
1651
1507
204
391
357
573
1441
1845
430
439
1841
1292
317
243
376
573
1503
725
589
671
834
1790
747
1287
1791
573
618
219
455
1235
1191
1620
1357
1353
1237
573
1859
449
263
1834
315
1809
355
375
473
573
458
454
1872
1271
740
1284
833
742
1348
573
220
455
1131
1135
1357
392
1478
1860
690
573
361
1839
386
261
356
527
528
319
1488
573
1026
825
1523
1758
1294
1876
1788
748
747
573
1577
1241
630
1873
1873
1399
1354
1476
1426
573
1838
362
1837
1128
259
316
285
1042
1837
573
818
601
1238
707
1888
1131
1212
1789
679
573
456
607
216
217
1501
1427
391
1266
205
573
1773
1229
1029
320
1833
1851
368
474
318
573
1218
764
710
422
639
1270
1486
1344
1345
573
632
72
1002
989
1764
71
1764
67
1121
573
772
410
1053
1082
1083
133
982
1858
1000
573
1069
397
398
765
396
778
358
1918
118
573
1787
1119
1117
65
69
1003
1118
1706
68
573
76
1055
61
1857
1857
27
123
123
1857
573
147
1914
1071
1007
1586
1882
670
1880
164
573
167
1004
1730
1120
1728
1785
1734
1122
1781
573
412
1721
1219
60
60
1763
1111
984
1099
573
1496
1072
484
1113
1540
394
1914
351
638
573
1710
1731
70
1711
1006
1735
66
1765
1765
573
1149
61
28
1095
1046
1757
1856
9
122
573
731
696
643
395
1073
829
1881
1390
1362
573
554
1792
1712
1729
1786
1765
1693
1782
1009
573
1047
1153
1559
1539
127
62
1058
1435
281
573
482
771
1589
486
485
352
394
483
1388
573
1005
992
1301
587
1123
1361
1010
162
1708
573
459
1096
1084
1559
779
1856
63
188
189
573
644
623
986
1915
1008
735
310
1210
377
573
933
1719
1436
1795
1715
1709
1152
1114
941
573
1080
1081
442
99
1034
780
1036
1112
1331
573
985
128
1916
1589
1917
1868
1129
931
578
573
1660
1768
1793
1783
1797
924
1707
1736
1484
573
1494
983
98
840
587
1037
1245
1332
1100
573
478
1576
913
987
1635
1914
1389
1133
713
573
1769
1634
1508
1437
1104
774
688
1542
1087
573
1302
1154
1076
1038
1253
1105
10
1065
733
573
1648
985
1126
1629
717
1513
1641
1516
1919
573
1102
378
656
776
696
731
1424
1794
1739
573
416
97
460
30
1761
1349
236
1256
1021
573
730
629
1621
676
1587
732
988
311
691
573
1796
656
1612
1766
657
1109
1675
1278
1911
573
555
1842
866
1035
29
690
1028
236
236
573
731
696
1535
1201
686
732
660
699
1634
573
1358
1193
1784
1308
705
1831
1831
1107
1176
573
1252
1035
239
1272
1296
1027
1216
1023
1671
573
647
1124
1570
1578
1737
1133
1510
899
1634
573
1568
1829
1438
1103
1831
1115
1675
1908
1110
573
1569
647
691
1552
1434
1022
1585
782
1214
573
1291
725
651
806
1287
1547
1550
579
1310
573
1225
850
1101
724
1309
1799
1108
1425
1346
573
1191
1596
1537
587
237
237
1630
1144
1816
573
654
1222
1571
676
1572
1579
1550
829
981
573
956
1581
1829
1832
863
1293
1798
1288
1831
573
1201
647
609
1215
1261
1246
1024
1067
1433
573
1570
1576
1224
1241
1428
1170
831
1582
1879
573
1832
1101
1767
1675
1620
1910
1909
1831
1794
573
1670
1247
1035
240
1671
1207
1317
1260
1260
573
1291
1671
1535
650
1572
1456
1342
1912
1913
573
1648
794
858
896
696
920
777
847
444
573
1651
719
705
1521
1523
1650
1604
1175
1268
573
931
1604
734
824
721
888
1518
1649
839
573
1674
857
716
1659
1230
798
1615
1131
1133
573
1652
1670
446
1521
1689
725
1649
1204
860
573
564
730
1466
1660
1323
1624
774
677
674
573
1674
847
951
629
1677
1156
792
939
305
573
1700
381
1676
1655
1195
1137
1325
584
923
573
1672
1597
1232
859
833
1139
1657
1608
1671
573
1603
759
858
824
1197
1658
968
1517
1650
573
1861
827
1562
1352
1526
1640
1134
611
838
573
846
73
679
1653
861
1273
895
888
1054
573
812
710
1607
896
1563
1656
1203
471
1584
573
1599
1670
1519
439
1566
937
1289
1889
1547
573
1641
1670
639
691
958
921
832
1649
1191
573
551
1612
87
1192
790
301
1232
793
921
573
1641
1891
1650
1655
1213
590
835
1286
1175
573
1481
1482
75
593
1604
209
1134
745
309
573
813
959
1600
824
302
1363
782
403
1624
573
1147
1670
1195
1866
915
1565
725
1391
1287
573
715
616
1607
74
879
1518
863
1515
1539
573
1611
1555
1605
655
1613
1613
1328
801
800
573
849
440
774
1213
1297
1746
1892
1365
1862
573
1661
598
1631
948
170
1900
1625
677
1517
573
814
932
951
952
790
798
919
716
969
573
886
1198
1553
1556
231
1144
1181
1863
1890
573
757
1200
827
751
749
1625
1526
877
1517
573
110
404
800
799
810
200
792
304
936
573
446
1533
218
241
1533
697
228
1407
1686
573
977
1200
322
1198
1651
1445
307
453
889
573
487
826
1652
303
201
1499
417
1673
799
573
1178
1213
393
1542
647
1171
1174
229
1319
573
565
746
752
639
1339
750
864
677
1778
573
649
1167
800
1213
1645
450
195
922
493
573
1172
1538
1690
1165
1360
235
1684
1287
1800
573
625
323
842
389
1516
366
1340
245
207
573
337
1823
1835
251
877
966
1323
967
197
573
1657
338
1280
1472
354
1893
1801
914
1608
573
1020
387
390
725
367
576
453
365
366
573
645
1554
1242
1835
919
491
1820
767
1514
573
1625
1184
1311
1687
1574
1865
372
433
1393
573
171
644
1645
577
580
882
365
308
1543
573
649
214
277
494
491
1214
491
492
472
573
1222
1701
1553
1379
1864
429
1199
1685
233
573
383
1223
710
1675
644
1519
1518
1341
605
573
1847
496
495
799
1840
1835
304
196
767
573
382
1148
880
1281
1400
1688
1862
1800
373
573
817
1243
713
824
879
808
254
581
682
573
443
1663
732
674
1203
695
922
1190
694
573
1663
405
399
434
704
1116
823
1727
853
573
671
1607
1627
1529
737
1316
679
885
803
573
1250
726
696
1229
674
1547
692
680
671
573
556
1086
1479
560
332
652
1458
731
190
573
653
1671
1611
728
797
709
887
1139
658
573
670
726
1285
1224
1092
1320
702
734
1140
573
1397
1632
212
399
881
106
1670
776
590
573
628
712
827
1528
712
708
1557
1321
1202
573
1610
1178
1548
720
1580
739
1304
838
730
573
717
534
1669
704
1611
897
735
990
1725
573
1633
719
1678
728
712
1179
804
777
1139
573
736
1508
1560
683
1306
1628
1155
721
899
573
1040
634
704
1610
400
841
1259
855
769
573
1664
1668
698
1528
712
1234
1139
776
1197
573
773
1540
1180
1324
702
1097
739
1093
1186
573
424
312
1668
1722
1677
1713
1726
137
151
573
1663
1603
590
729
712
708
677
1194
1138
573
1675
1540
733
1169
838
1304
1263
925
586
573
210
1031
313
221
1885
435
723
191
716
573
1732
1651
1594
1195
1322
1670
821
820
1321
573
1173
1251
1507
1869
1641
1166
687
734
1094
573
1188
635
454
1654
255
1168
1854
1458
730
573
626
1275
1220
1654
712
838
1606
733
1190
573
970
572
489
1224
702
774
275
1334
1396
573
1848
454
441
1608
1716
1670
666
1235
464
573
563
592
523
1220
1651
797
815
1227
783
573
621
1134
1477
716
1886
1285
1335
691
537
573
427
880
1668
1257
194
1420
542
697
1382
573
878
1810
1419
796
1316
836
1228
664
1752
573
1555
1660
111
1305
1580
1405
1924
1398
1207
573
1066
1555
1883
1460
436
192
1380
1740
271
573
622
1347
1221
1229
1682
1683
1803
1373
849
573
1492
623
1215
1254
1442
1470
1155
536
1930
573
973
438
1429
314
1724
1381
1745
465
1714
573
1214
1743
1318
698
1186
593
1374
1681
805
573
462
898
1901
1383
820
1443
1098
242
1343
573
535
1454
1903
1821
1902
1740
193
1380
1422
573
1872
954
1668
1418
1242
807
1679
1417
1373
573
876
1624
877
1471
615
1581
1877
1925
276
573
1733
1691
546
1884
540
274
488
273
545
573
629
1213
1578
1802
1418
1806
1417
1138
1804
573
624
1564
727
1537
1462
1887
1406
1395
1516
573
627
211
1825
1902
1826
1724
272
1822
1815
573
631
1671
1595
1646
1828
1630
1605
1836
1680
573
1650
490
1560
1384
238
238
536
1878
1877
573
457
1905
1723
541
1421
543
1838
544
1740
573
781
1248
1810
1811
1231
1418
1906
1907
1904
573
895
688
1629
817
1505
1464
1233
553
1603
573
1487
1626
718
735
1561
847
915
894
705
573
960
855
1359
1162
1671
414
1050
1160
1698
573
1319
1145
766
847
858
1465
1675
697
942
573
870
1485
1562
1631
467
1657
334
1457
333
573
1631
828
854
330
1276
1160
1350
413
873
573
753
823
1819
1823
1638
837
1531
587
613
573
870
811
1678
1676
1633
1632
900
859
657
573
899
1671
1588
1584
1141
248
1355
1747
421
573
654
734
934
1547
1502
1523
1321
608
1610
573
1468
1626
1678
1666
278
905
900
916
724
573
1741
326
698
821
1547
888
1158
1356
791
573
445
777
570
1125
822
860
1584
776
553
573
1619
1201
718
423
906
1632
1351
1430
907
573
1131
614
595
743
324
844
776
590
681
573
777
915
894
1654
825
856
926
1532
1459
573
521
1738
1702
279
1416
1699
1666
1926
539
573
293
890
797
1609
1161
688
1614
592
1749
573
1211
1819
1558
1039
552
671
795
1541
1607
573
1489
867
468
469
1127
97
1412
1696
916
573
881
1671
1612
1633
1415
1050
1602
1077
1159
573
1658
654
716
1544
1506
1062
1525
940
693
573
1777
437
1774
1775
348
1413
467
908
1431
573
1282
1742
1759
247
1530
1277
1748
943
1551
573
1567
754
1233
1456
1667
847
885
1541
1060
573
978
1386
683
1675
1929
1776
1928
346
347
573
1648
1217
582
1599
744
327
328
419
685
573
1643
1867
1523
1544
822
653
1522
1056
604
573
335
1364
1744
1414
1660
1410
1694
1408
497
573
1632
246
331
1779
1565
1583
1329
1051
1070
573
1867
665
1090
816
1505
713
1027
942
594
573
426
1473
1475
1411
1409
1928
1423
1423
1697
573
1635
1671
837
1197
408
1530
1068
1751
406
573
1088
1536
341
1057
1061
796
1824
1164
939
573
871
522
949
893
379
1239
499
1267
1927
573
1641
1168
246
1258
1551
1030
1177
325
329
573
1617
1283
1642
1500
1812
341
1813
1817
1074
573
760
336
1678
1703
847
262
1300
498
1432
573
883
743
1185
385
385
1780
415
250
1395
573
1211
1063
815
1223
341
1032
1630
343
344
573
1637
1469
280
1772
1695
1657
1298
557
1299
573
463
1401
1616
1921
1255
1527
249
407
1920
573
884
342
1812
345
1033
1827
341
1075
1814
573
1394
1491
1240
1290
710
349
1549
738
437
573
1652
583
1922
1330
257
408
409
1770
1375
573
1807
718
1064
1818
1829
1812
1059
1830
1833
573
1575
1244
648
654
1633
1290
350
437
1455
573
845
1923
726
1091
1921
1922
1921
1920
250
573
633
569
574
662
561
911
893
547
1333
573
94
700
918
47
100
682
104
993
1157
573
1855
575
571
1592
1303
54
53
19
515
573
1639
830
425
103
947
511
903
912
548
573
1590
42
600
762
762
101
975
105
1583
573
37
13
1895
1466
972
1592
359
704
1590
573
567
777
568
999
509
549
1664
163
904
573
282
39
874
770
22
1208
591
1078
705
573
51
955
1483
1133
1593
964
786
380
705
573
566
93
663
891
997
903
550
513
945
573
49
788
40
875
1591
588
24
591
23
573
612
36
994
1894
198
208
1206
1265
965
573
1656
930
619
1001
794
470
512
775
514
573
95
1150
44
1289
827
43
1370
843
1079
573
1515
979
680
11
1894
1132
784
252
672
573
872
1209
998
901
902
950
936
547
593
573
699
763
108
938
939
25
703
585
1138
573
38
48
12
402
55
517
690
1326
20
573
1639
620
661
710
868
899
935
946
1196
573
1573
759
1288
974
593
265
862
26
50
573
916
640
306
53
1313
868
232
962
673
573
1670
1649
1659
562
927
636
1198
617
1106
573
1447
109
694
21
677
1132
610
1545
848
573
1617
1307
1524
1238
1312
1312
1546
684
1163
573
1622
701
1598
719
466
1546
909
602
910
573
35
1239
789
917
45
1463
1392
45
411
573
1493
1846
52
1552
401
785
1269
230
722
573
1623
1563
971
510
1371
1627
1665
559
560
573
692
714
1189
1453
596
1403
46
836
1444
573
652
641
1512
1220
1637
656
518
684
1295
573
643
725
1446
1274
1671
637
1504
1670
1372
573
877
1142
857
921
696
597
266
1444
1452
573
783
953
442
1654
689
1315
963
713
360
573
1018
1378
679
1197
1448
714
560
869
1187
573
1264
761
928
724
1452
1238
1182
1601
900
573
1647
707
809
1314
852
1805
339
339
1480
573
1019
1279
1598
1598
706
559
865
1376
659
573
857
1183
1490
1377
1366
1403
1089
802
1368
573
1497
1498
1146
202
642
199
678
1327
691
573
1566
1226
1221
1644
1670
1448
1387
213
1337
573
1534
1440
1212
264
264
944
452
1385
1511
573
644
656
1144
1130
388
688
1467
1265
252
573
646
995
996
961
1556
601
1651
1183
215
573
1552
1520
1402
1199
1176
1367
682
268
1169
573
957
1662
1636
678
688
1524
253
516
260
573
1618
711
758
1404
1658
558
213
1670
1338
573
819
270
267
1519
1377
451
1439
1369
269
573
1617
1621
768
809
203
1837
1271
821
340
