452
1213
103
14
15
1223
115
18
1
27
452
68
416
63
102
113
1280
86
231
230
452
81
124
135
90
67
410
724
723
99
452
830
946
129
132
12
136
2
27
121
452
110
73
69
281
233
65
60
111
1279
452
59
722
103
724
97
94
131
1322
105
452
34
370
1216
699
131
1
516
44
26
452
417
116
114
111
61
61
112
85
117
452
98
103
722
67
1225
91
99
98
723
452
6
4
122
5
3
12
45
26
2
452
1284
64
1174
410
286
111
900
62
85
452
131
515
67
98
169
97
97
115
131
452
133
13
4
422
226
128
224
128
42
452
329
62
64
85
87
223
232
286
60
452
708
1217
1322
411
90
128
106
67
228
452
695
406
406
130
108
43
1218
137
1300
452
88
733
220
102
747
748
1278
197
336
452
107
125
67
169
726
725
1322
1186
104
452
393
394
390
372
371
475
128
391
395
452
49
1284
249
222
1285
230
197
1278
286
452
1189
67
170
1187
93
171
229
95
173
452
358
467
349
389
389
391
392
1300
109
452
350
220
286
339
1175
273
1261
288
745
452
1060
135
1044
115
297
100
1303
99
1031
452
1067
936
473
1075
1030
227
1300
154
224
452
856
1232
750
751
1163
368
368
413
186
452
81
753
1219
517
542
822
784
660
1323
452
581
134
937
1075
821
1302
471
225
1036
452
78
328
1285
1280
221
198
1285
1274
197
452
825
492
894
541
414
523
178
529
823
452
610
563
1073
934
304
860
561
894
864
452
338
282
1279
367
886
286
746
886
415
452
561
1031
519
523
817
635
550
172
540
452
878
1141
508
1142
1140
1066
153
304
275
452
1024
1280
337
345
1278
915
247
185
289
452
1064
541
465
518
603
1246
554
912
1247
452
484
166
353
877
854
1125
962
960
879
452
1290
350
203
1274
245
1261
273
288
365
452
355
353
1301
901
549
910
603
551
956
452
167
353
819
821
962
305
1046
1291
527
452
279
1277
299
201
274
412
412
247
1053
452
734
599
1076
1221
916
1304
1245
554
554
452
1101
882
493
1301
1301
993
960
1045
1013
452
1277
280
1276
817
199
246
221
745
1276
452
597
472
880
534
1314
819
864
1245
521
452
353
476
164
164
1063
1014
304
898
153
452
1234
873
736
248
1274
1285
286
366
247
452
867
567
536
331
500
900
1051
953
953
452
494
54
718
707
1227
53
1227
51
813
452
573
320
754
781
782
98
701
1289
716
452
769
309
310
568
308
576
276
1339
89
452
1244
811
810
50
52
718
810
1176
51
452
58
756
47
1289
1289
23
92
92
1289
452
107
1336
770
720
1107
1308
518
1307
120
452
123
719
1198
812
1196
1242
1202
813
1240
452
322
1190
868
46
46
1226
804
703
795
452
1061
771
375
806
1084
307
1336
271
499
452
1180
1199
52
1181
719
1202
50
1227
1227
452
828
47
23
793
749
1220
1288
7
91
452
544
529
503
307
772
601
1307
987
966
452
435
1248
1182
1197
1243
1227
1164
1240
721
452
749
832
1093
1084
96
47
759
1019
218
452
373
572
1109
377
376
272
307
374
986
452
719
709
920
464
814
965
721
118
1178
452
356
793
783
1093
577
1288
48
138
139
452
503
488
705
1337
720
546
240
863
290
452
661
1188
1020
1251
1184
1179
831
807
667
452
779
780
347
76
739
577
741
805
941
452
704
96
1337
1109
1338
1298
818
661
457
452
1142
1229
1249
1241
1252
657
1177
1202
1050
452
1059
702
75
606
464
741
884
942
796
452
369
1101
651
705
1132
1336
986
820
537
452
1230
1132
1067
1021
799
574
527
1085
786
452
921
832
775
742
889
800
8
766
545
452
1139
704
816
1130
538
1071
1135
1072
1340
452
798
291
508
575
529
544
1012
1250
1204
452
326
74
357
25
1224
956
180
890
730
452
544
493
1125
520
1107
545
706
241
527
452
1251
508
1120
1228
509
802
1149
906
1333
452
436
1279
619
740
24
527
735
180
180
452
544
529
1082
858
526
545
510
530
1132
452
963
855
1241
926
533
1272
1272
802
846
452
888
740
183
901
917
735
866
731
1147
452
505
815
1097
1102
1203
820
1068
639
1132
452
1096
1271
1022
798
1272
808
1149
1331
803
452
1096
505
527
1090
1018
730
1106
579
865
452
914
541
506
591
912
1088
1089
458
927
452
870
609
797
541
926
1253
802
1012
954
452
854
1113
1083
464
181
181
1130
824
1265
452
508
869
1097
520
1098
1102
1089
601
700
452
677
1104
1271
1273
616
915
1252
913
1272
452
858
505
477
866
894
884
732
768
1017
452
1097
1101
870
882
1015
843
602
1104
1306
452
1273
797
1228
1149
1125
1332
1331
1272
1250
452
1147
885
740
183
1147
862
933
893
893
452
914
1147
1082
506
1098
1034
951
1334
1335
452
1139
585
613
637
529
655
575
609
348
452
1140
539
533
1075
1076
1139
1116
846
899
452
661
1116
545
598
540
633
1073
1139
605
452
1149
613
538
1142
874
587
1121
819
820
452
1140
1147
349
1075
1160
541
1139
860
615
452
443
544
1039
1142
936
1127
574
521
519
452
1149
609
675
493
1149
834
584
666
235
452
1170
294
1149
1141
856
821
937
462
656
452
1148
1113
875
614
603
822
1142
1118
1147
452
1116
563
613
598
856
1142
687
1073
1139
452
1292
600
1094
959
1077
1134
821
478
605
452
608
55
521
1140
615
902
637
633
755
452
595
536
1118
637
1094
1141
860
363
1106
452
1113
1147
1073
345
1095
665
913
1315
1088
452
1135
1147
500
527
678
656
602
1139
854
452
433
1120
66
854
583
234
875
584
656
452
1135
1317
1139
1141
864
466
603
911
846
452
1048
1048
57
467
1116
157
821
552
239
452
595
679
1114
598
234
966
579
313
1127
452
827
1147
856
1296
653
1095
541
988
912
452
537
482
1118
56
628
1073
616
1072
1084
452
1120
1091
1117
508
1121
1121
939
587
587
452
609
346
574
864
917
1210
1318
968
1293
452
1143
470
1131
672
126
1324
1128
521
1073
452
595
661
675
676
583
587
655
538
688
452
632
856
1090
1091
176
824
848
1294
1316
452
562
858
600
557
555
1128
1077
627
1073
452
83
314
587
587
593
150
584
235
664
452
349
1080
165
184
1080
529
174
997
1157
452
696
858
250
856
1140
1027
237
353
633
452
378
599
1140
234
151
1063
327
1148
587
452
847
864
306
1085
505
844
845
174
934
452
444
553
558
500
949
556
617
521
1237
452
506
841
587
864
1137
351
145
656
383
452
844
1083
1161
840
964
179
1155
912
1254
452
490
251
607
302
1072
284
949
187
155
452
261
1269
1275
193
627
685
936
686
147
452
1142
262
907
1043
273
1319
1255
652
1118
452
729
300
303
541
285
455
353
283
284
452
503
1090
883
1275
655
382
1267
570
1071
452
1128
850
928
1158
1099
1295
287
340
989
452
127
503
1137
456
459
630
283
238
1086
452
506
162
214
383
382
865
382
382
364
452
869
1171
1090
979
1294
336
857
1156
177
452
296
869
536
1149
503
1073
1073
950
474
452
1282
385
384
587
1277
1275
235
146
570
452
295
827
628
908
993
1159
1293
1254
287
452
597
883
537
598
628
592
195
460
523
452
347
1144
545
519
860
528
656
853
528
452
1144
315
311
341
533
809
598
1195
611
452
518
1118
1130
1078
547
933
521
632
589
452
887
542
529
873
519
1088
527
522
518
452
437
785
1047
440
257
507
1035
544
140
452
507
1147
1120
543
586
535
632
822
509
452
518
542
911
870
791
934
532
545
822
452
991
1131
160
311
629
80
1147
575
466
452
492
537
600
1078
537
535
1092
935
859
452
1119
847
1089
539
1103
548
923
605
544
452
538
418
1146
533
1120
638
546
707
1194
452
1132
539
1149
543
537
847
589
575
822
452
546
1067
1093
524
924
1130
833
540
639
452
744
496
533
1119
312
606
892
612
571
452
1144
1146
529
1078
537
876
822
575
856
452
573
1084
847
937
532
794
548
791
851
452
333
242
1146
1191
1149
1183
1194
101
110
452
1144
1116
466
543
537
535
521
855
822
452
1149
1084
545
843
605
923
895
657
463
452
158
737
243
168
1311
341
541
141
538
452
1200
1140
1111
856
935
1147
598
598
935
452
844
887
1066
1299
1135
840
526
545
792
452
852
497
353
1141
196
842
1286
1035
544
452
491
903
869
1141
537
605
1117
545
853
452
689
451
380
870
532
574
212
944
990
452
1283
353
346
1118
1185
1147
514
877
360
452
442
467
409
869
1140
586
596
872
579
452
487
821
1045
538
1312
911
945
527
421
452
335
628
1146
891
144
1009
426
529
981
452
627
1262
1008
586
933
604
872
513
1215
452
1091
1142
84
923
1103
996
1344
992
862
452
767
1091
1309
1035
342
142
980
1205
210
452
487
955
869
873
1153
1154
1257
974
609
452
1057
488
866
889
1025
1042
833
420
1347
452
692
344
1015
244
1193
980
1209
360
1183
452
865
1207
934
529
851
467
975
1152
590
452
359
638
1325
982
598
1025
794
184
952
452
419
1033
1327
1268
1326
1205
143
980
1010
452
1301
677
1146
1007
883
591
1150
1006
974
452
626
1127
627
1042
481
1104
1305
1344
213
452
1201
1162
429
1310
424
211
379
210
428
452
493
864
1102
1256
1007
1259
1006
822
1257
452
489
1094
542
1083
1036
1313
996
990
1072
452
492
159
1269
1326
1270
1193
210
1268
1264
452
493
1147
1112
1137
1270
1130
1117
1275
1151
452
1139
381
1093
982
182
182
420
1305
1305
452
354
1328
1192
425
1009
426
1277
427
1205
452
578
885
1262
1262
874
1007
1329
1330
1327
452
637
527
1130
597
1065
1038
876
434
1116
452
1052
1129
539
546
1093
609
653
637
533
452
680
612
963
838
1147
324
752
836
1168
452
934
825
569
609
613
1038
1149
529
668
452
623
1050
1094
1131
361
1142
258
1034
257
452
1131
600
611
256
904
836
957
323
624
452
559
598
1267
1269
1133
604
1079
464
479
452
623
594
1149
1149
1132
1131
639
614
509
452
639
1147
1108
1106
823
190
961
1211
330
452
508
545
662
1088
1063
1076
935
476
1119
452
1040
1129
1149
1145
215
644
639
653
541
452
1206
253
529
598
1088
633
835
961
583
452
348
575
449
815
598
615
1106
575
434
452
1124
858
539
332
644
1131
958
1016
645
452
819
480
468
552
252
608
575
466
523
452
575
653
637
1141
599
612
657
1079
1035
452
407
1203
1172
216
1005
1169
1145
1345
423
452
227
634
586
1118
837
527
1121
467
1212
452
864
1267
1092
743
433
518
585
1085
1118
452
1054
620
361
361
816
74
1002
1166
653
452
629
1147
1120
1132
1004
752
1115
776
835
452
1142
508
538
1087
1065
763
1076
666
527
452
1236
343
1235
1235
268
1003
361
646
1016
452
909
1206
1222
189
1079
905
1211
668
1089
452
1095
560
876
1034
1145
609
632
1085
761
452
697
984
524
1149
1346
1235
1346
267
267
452
1139
866
461
1113
552
253
254
328
525
452
1136
1297
1076
1087
598
507
1075
757
473
452
259
967
1208
1003
1142
1000
1165
998
386
452
1131
188
256
1238
1095
1105
939
752
769
452
1297
513
789
596
1065
537
735
668
467
452
334
1043
1044
1001
999
1346
1011
1011
1167
452
1132
1147
604
856
318
1079
768
1214
316
452
787
1082
264
758
762
586
1269
839
666
452
623
408
673
636
292
880
388
898
1345
452
1135
842
188
891
1089
736
846
252
255
452
1123
909
1135
1063
1263
264
1263
1265
773
452
564
260
1149
1173
609
202
919
387
1016
452
631
552
850
298
298
1239
325
192
990
452
864
764
596
869
264
738
1130
265
265
452
1133
1041
217
1233
1165
1142
918
438
918
452
359
994
1122
1342
889
1077
191
317
1341
452
631
264
1263
266
738
1270
264
774
1263
452
989
1056
881
914
536
269
1089
547
343
452
1140
461
1342
940
197
318
319
1231
976
452
1260
539
765
1266
1271
1263
760
1271
1274
452
1100
883
505
508
1132
914
270
343
1033
452
608
1343
542
790
1342
1342
1342
1341
192
452
495
448
453
511
440
649
636
430
943
452
71
531
654
37
77
523
79
709
834
452
1287
454
450
1110
922
41
40
16
402
452
1134
601
333
78
671
398
642
650
430
452
1109
35
471
566
566
77
694
79
1105
452
30
11
1321
1039
691
1110
277
533
1109
452
446
575
447
715
396
431
1144
119
643
452
219
32
625
571
19
863
467
777
533
452
39
677
1049
820
1110
683
580
293
533
452
445
70
512
634
713
642
432
400
670
452
38
581
33
625
1109
464
20
467
19
452
478
29
710
1320
148
156
861
897
684
452
1141
660
485
717
585
362
399
574
401
452
72
829
35
913
600
35
971
607
778
452
1072
698
522
9
1320
820
580
194
519
452
623
863
714
640
641
674
664
430
467
452
530
566
82
665
666
21
532
462
822
452
31
37
10
312
41
404
527
938
17
452
1134
486
510
536
621
639
663
670
856
452
1098
563
913
693
467
205
615
22
38
452
653
501
236
40
930
621
176
682
519
452
1147
1139
1142
441
658
498
856
483
801
452
1029
82
528
18
521
820
477
1087
609
452
1123
925
1076
880
929
929
1088
525
838
452
1126
531
1113
539
360
1088
647
472
648
452
28
880
582
653
36
1037
988
36
321
452
1058
1281
39
1090
312
580
899
175
540
452
1126
1094
690
397
972
1130
1144
440
440
452
527
537
852
1032
469
995
36
604
1026
452
507
501
1070
869
1133
508
405
525
916
452
503
541
1028
902
1147
498
1064
1147
973
452
627
823
613
656
529
469
206
1026
1032
452
579
676
347
1141
527
932
682
537
278
452
727
978
521
856
1030
537
440
622
851
452
896
565
659
541
1032
880
848
1114
639
452
1138
534
593
931
610
1258
263
263
1047
452
728
906
1113
1113
533
440
618
977
509
452
613
849
1055
978
969
995
788
588
970
452
1062
1062
826
152
502
149
521
938
527
452
1095
871
869
1136
1147
1030
985
161
947
452
1081
1023
864
204
204
669
352
983
1069
452
503
508
824
818
301
527
1039
897
194
452
504
711
712
681
1091
472
1140
849
163
452
1090
1074
994
857
846
969
523
207
843
452
677
1143
1132
521
527
1076
194
403
200
452
1123
536
563
995
1142
439
161
1147
948
452
597
209
206
1073
978
351
1022
970
208
452
1123
1125
570
593
152
1276
901
598
263
