409
961
353
475
475
694
501
475
283
679
409
905
950
977
977
904
531
985
890
890
409
826
507
429
691
429
941
465
466
430
409
281
463
426
501
475
694
283
679
695
409
907
497
991
1011
891
985
976
906
653
409
503
468
659
465
334
428
429
14
498
409
474
241
694
694
426
286
389
243
442
409
959
894
906
904
977
978
656
986
907
409
660
659
466
429
691
658
430
334
465
409
282
285
241
286
286
476
243
442
284
409
232
990
969
950
1013
656
875
975
986
409
453
830
334
334
506
334
334
659
334
409
353
477
285
954
355
426
355
501
243
409
855
977
987
990
985
342
890
1009
975
409
453
689
1008
968
691
351
521
429
494
409
242
956
956
426
501
243
692
693
557
409
201
947
973
497
48
49
653
278
405
409
659
661
429
506
465
467
14
936
429
409
1004
1004
273
244
245
380
426
271
274
409
908
880
896
343
231
890
278
653
1013
409
970
429
506
972
658
505
428
428
505
409
294
439
451
273
270
270
272
557
424
409
867
974
1009
405
968
1021
648
1007
47
409
690
429
948
659
1007
430
1023
430
951
409
829
418
789
372
954
357
557
425
355
409
188
979
89
937
980
43
43
944
345
409
453
88
502
407
381
384
385
437
14
409
787
353
832
614
833
556
525
358
33
409
857
1015
231
402
342
278
879
649
278
409
523
869
522
390
941
377
504
370
437
409
399
439
818
818
368
380
447
386
449
409
1012
404
653
45
875
1009
47
41
944
409
455
27
415
440
191
302
438
504
377
409
562
412
338
459
391
833
427
552
553
409
872
402
1022
232
653
875
519
344
1003
409
869
830
191
191
377
644
780
377
644
409
569
358
532
574
372
718
674
375
375
409
856
867
1015
649
176
648
1002
879
44
409
884
884
884
387
371
296
377
373
373
409
354
571
446
818
674
368
955
674
832
409
1011
226
46
494
1021
943
943
519
42
409
83
522
449
691
371
1023
762
780
625
409
584
336
459
556
557
34
375
955
674
409
226
1011
226
931
494
519
344
47
86
409
614
191
449
413
951
420
295
760
377
409
401
599
357
356
612
675
368
832
425
409
984
738
593
805
649
879
1009
44
520
409
300
449
449
965
419
367
366
366
366
409
178
485
472
472
983
214
982
213
246
409
790
433
634
763
763
700
930
558
618
409
118
517
517
292
517
391
66
672
517
409
234
126
126
214
215
618
246
934
213
409
704
756
434
559
558
771
700
701
559
409
877
960
117
603
579
870
461
870
116
409
916
469
157
248
158
988
156
246
988
409
451
905
471
434
434
452
765
930
767
409
854
118
1001
919
392
517
669
52
110
409
949
158
486
940
469
157
213
982
982
409
600
434
774
78
82
835
558
495
701
409
854
793
585
518
118
717
870
639
374
409
931
761
939
157
993
982
989
988
455
409
78
727
618
450
700
434
616
484
496
409
517
577
577
962
925
650
517
517
290
409
470
914
91
793
247
92
618
452
934
409
402
78
763
472
930
558
436
435
435
409
784
611
682
960
784
719
116
222
1002
409
791
971
873
762
939
934
93
631
413
409
763
764
558
699
754
618
77
765
725
409
783
926
960
578
670
117
372
374
576
409
102
850
761
988
85
422
935
156
94
409
457
624
699
382
828
77
729
725
767
409
877
386
551
302
525
671
620
374
374
409
232
874
793
898
883
389
797
238
253
409
816
550
757
754
78
768
771
766
90
409
455
682
392
525
791
683
828
447
673
409
115
992
617
102
617
418
64
85
156
409
699
699
450
774
450
303
512
384
81
409
783
386
418
392
575
220
688
116
720
409
233
102
725
983
104
632
791
95
275
409
457
559
464
79
775
713
754
512
512
409
783
612
627
392
386
869
107
826
779
409
587
181
992
291
829
224
224
631
541
409
959
79
433
317
303
768
318
81
447
409
462
392
567
567
473
391
577
781
461
409
104
228
276
883
115
246
454
275
636
409
625
727
292
581
382
82
90
446
383
409
578
713
791
445
392
549
372
576
562
409
586
464
143
617
277
760
632
64
64
409
471
240
581
828
512
512
455
90
538
409
874
611
445
525
446
565
549
719
192
409
464
587
114
228
873
33
760
461
224
409
464
727
446
605
637
383
81
119
293
409
859
563
392
338
623
620
719
563
871
409
228
143
983
525
792
275
275
224
85
409
409
619
79
512
240
316
727
287
324
409
729
392
303
462
1024
130
565
686
687
409
419
780
188
781
781
739
102
862
73
409
571
189
188
413
413
797
454
386
182
409
544
807
797
188
146
144
391
160
909
409
581
778
828
614
239
566
613
831
549
409
732
626
1001
331
995
628
820
304
420
409
826
189
721
145
527
160
146
391
174
409
793
804
712
462
847
548
734
829
913
409
963
878
619
413
182
303
330
440
820
409
189
625
411
815
528
174
160
421
780
409
832
859
548
614
550
418
378
614
462
409
730
865
860
927
331
386
818
296
723
409
186
432
742
740
612
463
720
144
1020
409
543
828
859
859
240
840
779
920
779
409
614
626
303
309
860
372
372
482
724
409
602
828
742
459
740
413
909
182
737
409
854
859
897
393
608
892
395
859
739
409
412
928
793
315
411
330
303
304
386
409
881
881
510
605
179
431
793
910
6
409
181
448
782
810
892
395
413
73
395
409
660
865
303
39
820
840
797
841
301
409
110
741
807
335
163
713
859
393
449
409
793
828
782
570
615
615
737
735
859
409
239
1012
440
303
619
255
928
304
38
409
874
187
797
721
350
946
413
788
381
409
602
778
711
711
780
734
739
394
378
409
412
460
313
386
348
625
841
38
482
409
186
182
815
911
910
182
174
588
393
409
893
112
782
782
370
488
239
913
413
409
405
386
346
346
386
820
347
325
269
409
809
815
193
617
740
393
5
832
144
409
999
780
713
892
488
449
921
826
735
409
581
626
657
791
797
321
323
348
841
409
809
815
911
714
946
912
393
447
403
409
419
625
782
739
540
566
489
739
72
409
932
838
996
303
928
347
994
301
254
409
808
487
162
708
459
1005
25
349
349
409
424
227
227
511
540
378
413
379
490
409
609
352
1024
838
708
933
256
820
723
409
808
1000
708
797
1005
8
831
1005
1005
409
865
828
736
73
739
72
73
134
615
409
182
717
539
995
98
38
1022
1022
319
409
508
461
743
7
7
179
1005
5
534
409
419
509
702
72
72
550
72
72
1015
409
609
964
386
841
38
1022
625
994
348
409
1000
534
743
612
740
740
447
25
533
409
233
999
752
848
73
73
913
489
134
409
878
297
718
573
321
995
38
254
1010
409
180
540
108
534
179
179
431
175
392
409
733
410
411
461
591
134
415
745
603
409
602
50
50
750
455
122
139
801
139
409
189
847
810
560
530
561
792
723
844
409
749
571
137
630
461
336
852
172
527
409
927
123
842
776
867
418
942
793
210
409
142
449
449
602
814
142
832
146
523
409
794
410
180
614
728
527
532
182
145
409
183
876
199
50
190
923
374
454
455
409
794
142
449
127
127
602
524
862
589
409
411
322
797
414
563
603
165
732
533
409
869
310
528
714
606
139
545
332
801
409
449
828
461
874
446
613
858
136
148
409
411
738
190
298
164
744
134
532
100
409
80
714
714
543
122
554
26
139
332
409
811
303
147
147
586
594
147
524
397
409
462
297
570
190
331
766
182
728
316
409
749
207
571
803
138
942
802
28
28
409
303
449
221
142
142
713
127
864
128
409
188
449
461
728
803
164
591
383
744
409
155
87
208
154
159
748
832
210
340
409
804
781
625
588
147
726
863
737
845
409
322
951
623
53
414
314
744
104
753
409
927
191
401
602
154
876
748
936
601
409
739
362
781
739
864
586
136
413
864
409
456
297
1019
624
137
389
493
564
40
409
231
401
750
543
938
374
526
26
748
409
447
146
957
586
610
814
737
594
136
409
545
299
240
137
945
305
564
545
308
409
499
601
876
27
212
264
11
601
676
409
387
882
362
719
560
127
594
853
365
409
828
410
529
165
320
323
63
40
384
409
80
571
159
842
751
211
676
65
705
409
865
800
585
339
3
2
640
31
727
409
839
299
624
946
20
306
803
308
71
409
813
733
27
209
801
676
64
748
936
409
443
800
147
449
726
146
638
1
723
409
298
929
946
320
611
20
728
493
568
409
311
842
23
122
23
65
211
676
264
409
882
420
560
363
590
858
1
364
31
409
138
138
540
307
852
563
21
63
706
409
24
967
369
159
288
705
29
705
12
409
387
599
447
3
363
640
364
127
642
409
419
849
581
563
592
945
321
290
422
409
714
199
123
23
120
802
705
84
84
409
222
828
565
610
642
863
726
641
1
409
462
1019
411
33
54
1019
312
21
22
409
231
23
32
289
265
11
84
13
65
409
794
588
643
643
625
363
280
280
18
409
788
162
455
397
793
304
102
715
464
409
290
865
129
836
637
807
528
807
191
409
868
145
573
861
609
698
125
131
152
409
876
104
859
736
464
444
97
447
163
409
530
323
399
713
821
528
697
619
697
409
781
611
124
171
572
132
35
696
140
409
786
190
114
119
104
397
322
100
167
409
869
445
419
630
713
303
713
713
462
409
524
615
295
302
35
492
31
152
696
409
834
818
795
455
166
544
421
381
622
409
30
599
449
447
1014
360
807
528
462
409
924
223
794
794
779
861
131
31
721
409
895
628
853
795
738
463
188
396
715
409
792
418
449
899
360
713
129
837
359
409
781
615
133
723
171
140
601
601
794
409
718
811
736
104
337
807
381
316
677
409
959
412
958
966
69
707
713
70
249
409
904
734
698
861
132
546
333
333
263
409
584
114
843
633
447
167
831
535
135
409
101
823
821
822
327
822
250
500
528
409
717
339
780
617
151
125
722
56
131
409
584
181
104
622
388
261
166
397
100
409
555
823
1012
709
150
69
821
359
837
409
188
924
924
492
168
31
152
184
125
409
399
786
732
395
221
221
782
448
261
409
406
68
328
447
65
709
65
149
149
409
828
300
166
124
722
171
171
724
483
409
584
228
168
97
738
419
381
262
381
409
1001
406
69
257
528
61
500
249
1013
409
785
492
171
151
124
609
37
125
113
409
228
854
647
464
295
97
633
184
718
409
404
101
61
61
62
65
69
69
500
409
419
611
725
331
229
678
616
263
759
409
87
627
268
261
4
715
75
167
743
409
448
958
807
807
710
129
1013
580
70
409
781
628
492
573
628
645
779
171
171
409
220
795
104
168
74
666
227
225
67
409
464
895
865
19
807
1014
361
1013
69
409
781
339
295
698
698
152
698
491
616
409
584
121
736
828
663
633
449
666
268
409
602
30
1012
703
707
713
326
697
329
409
810
636
400
266
646
333
492
758
266
409
834
664
228
267
633
76
267
32
227
409
932
529
743
327
135
149
605
713
821
409
865
536
667
166
491
759
758
824
31
409
665
874
260
228
74
227
260
75
75
409
399
581
834
714
713
326
1006
821
635
409
781
668
732
755
266
266
266
266
491
409
812
981
403
173
401
236
819
9
96
409
922
191
550
169
200
788
651
472
549
409
817
860
550
106
111
513
513
515
952
409
609
917
196
195
237
205
819
235
417
409
734
887
654
531
654
200
259
651
605
409
772
769
58
377
799
106
997
409
548
409
827
102
981
198
202
604
599
915
417
409
894
886
548
36
888
680
654
258
441
409
514
792
881
462
106
798
103
997
108
409
407
196
221
104
198
416
9
202
851
409
480
852
886
549
411
177
889
654
885
409
789
902
448
57
478
901
106
684
798
409
581
161
731
918
604
197
203
599
206
409
922
611
170
788
549
169
217
846
258
409
718
408
462
481
57
833
547
153
381
409
827
238
198
416
416
198
177
370
741
409
412
549
655
188
182
681
791
547
396
409
903
515
770
882
514
59
381
111
515
409
614
741
566
741
99
542
812
851
423
409
884
181
550
655
546
1018
861
885
170
409
828
524
902
516
293
716
479
798
412
409
340
609
611
872
876
741
796
741
596
409
848
655
181
888
789
370
788
685
846
409
104
141
629
111
787
868
818
381
109
409
239
183
566
791
195
530
235
300
235
409
773
876
545
182
170
55
746
169
652
409
458
531
516
797
51
548
684
479
718
409
421
876
600
204
598
546
796
866
866
409
298
181
564
747
806
747
169
138
929
409
828
714
832
739
549
103
60
818
607
409
777
178
15
237
542
598
178
96
597
409
865
398
181
411
628
806
1017
27
747
409
876
716
733
840
459
376
798
547
997
409
582
16
581
606
15
833
867
105
251
409
398
543
188
628
747
861
613
724
828
409
876
189
716
876
464
998
662
662
376
409
456
929
230
859
741
401
105
252
99
409
720
746
537
55
216
685
143
830
216
409
817
782
731
900
629
478
818
376
419
409
593
595
606
583
583
15
17
194
10
409
544
564
537
1016
1017
180
401
823
163
409
828
828
110
797
997
418
376
721
153
409
827
219
219
185
530
542
542
423
194
409
412
610
746
217
825
217
370
1017
621
409
828
104
629
461
461
449
153
953
279
409
602
230
181
16
541
99
194
423
341
409
787
895
1016
610
55
830
572
218
1016
409
869
581
107
716
900
51
387
108
662
