279
617
243
314
314
452
335
314
197
440
279
576
610
626
626
575
354
631
566
566
279
530
338
288
450
288
603
308
308
289
279
196
307
285
335
314
452
197
440
453
279
578
331
635
649
567
631
625
577
424
279
336
309
427
308
228
287
288
11
332
279
313
167
452
452
285
198
267
169
298
279
615
570
577
575
626
627
426
632
578
279
428
427
308
288
450
427
289
228
308
279
196
198
167
198
198
314
169
298
197
279
161
635
621
610
650
426
557
625
632
279
304
533
228
228
338
228
228
427
228
279
243
315
198
612
245
285
245
335
169
279
549
626
632
635
631
235
566
648
625
279
304
449
647
621
450
241
348
288
328
279
168
613
613
285
335
169
451
451
368
279
139
608
624
331
33
34
424
193
277
279
427
429
288
338
308
308
11
599
288
279
644
644
189
170
171
262
285
188
190
279
578
560
571
235
161
566
193
424
650
279
622
288
338
623
427
337
287
287
337
279
204
296
302
189
187
187
188
368
285
279
553
624
648
277
621
656
421
647
33
279
449
288
609
427
647
289
657
289
610
279
532
282
509
255
612
246
368
285
245
279
130
628
66
600
628
30
30
605
237
279
304
65
335
278
262
264
264
295
11
279
508
243
534
403
535
368
350
246
25
279
550
651
161
275
235
193
560
421
193
279
349
554
349
267
603
260
337
255
295
279
274
296
526
526
253
262
301
265
301
279
650
277
424
31
557
648
33
29
605
279
304
21
280
296
130
208
295
337
260
279
371
280
232
306
268
535
286
365
365
279
556
275
656
161
424
557
347
236
643
279
554
533
130
130
260
418
505
260
418
279
375
246
355
378
255
469
437
258
258
279
549
553
651
421
122
421
643
560
30
279
562
562
562
266
255
206
260
256
256
279
244
376
301
526
437
253
612
437
534
279
649
157
32
328
656
605
605
347
29
279
61
349
301
450
255
657
491
505
409
279
385
230
306
368
368
25
258
612
437
279
157
649
157
596
328
347
236
33
63
279
403
130
301
280
610
283
205
491
260
279
275
394
246
245
402
437
253
534
285
279
630
478
391
517
421
560
648
30
347
279
207
301
301
619
282
252
251
251
251
279
123
321
312
312
630
147
630
147
172
279
509
291
412
492
492
457
595
369
405
279
84
346
346
203
346
268
48
436
346
279
162
90
90
147
148
405
172
598
147
279
459
488
292
369
369
499
457
457
369
279
559
616
84
396
382
555
307
555
83
279
584
310
111
173
111
633
110
172
633
279
302
576
311
292
292
303
494
595
496
279
548
84
642
586
269
346
435
36
78
279
609
111
321
602
310
111
147
630
630
279
394
292
501
57
60
537
369
329
457
279
548
511
386
346
84
469
555
415
257
279
596
491
601
111
637
630
634
633
304
279
57
471
405
302
457
292
404
320
330
279
346
381
381
617
591
422
346
346
201
279
310
583
68
511
172
68
405
303
598
279
275
57
492
312
595
369
294
293
293
279
506
401
443
616
506
469
83
154
643
279
510
622
556
491
601
598
69
411
280
279
492
493
369
456
487
405
57
494
471
279
506
591
616
382
435
84
255
257
380
279
74
545
491
633
63
284
598
110
69
279
305
408
456
263
532
57
473
471
496
279
559
265
364
208
350
435
406
257
257
279
161
556
511
572
562
267
513
165
176
279
525
364
489
487
57
496
499
495
67
279
304
443
269
350
510
444
532
301
436
279
82
636
404
74
404
282
46
63
110
279
456
456
302
501
302
209
342
264
59
279
506
265
282
269
379
153
448
83
469
279
161
74
471
630
74
411
510
69
191
279
305
369
307
58
501
466
487
342
342
279
506
402
409
269
265
554
76
530
504
279
387
125
636
202
532
156
156
411
359
279
615
58
291
216
209
496
217
59
301
279
307
269
374
374
312
268
381
505
307
279
74
158
192
562
82
172
304
191
413
279
409
471
203
384
263
60
67
301
264
279
382
466
510
300
269
363
255
380
371
279
386
307
102
404
192
491
411
46
46
279
311
166
384
532
342
342
304
67
358
279
556
401
300
350
301
373
363
469
131
279
307
387
82
158
556
25
491
307
156
279
307
471
301
398
414
264
59
85
204
279
551
371
269
232
408
406
469
371
555
279
158
102
630
350
511
191
191
156
63
279
279
405
58
342
166
216
471
199
220
279
473
269
209
307
658
93
373
447
447
279
282
505
130
505
505
479
74
552
54
279
376
130
130
280
280
513
304
265
125
279
361
519
513
130
105
103
268
113
579
279
384
504
532
403
166
373
402
534
363
279
475
409
642
225
639
410
527
210
283
279
530
130
470
104
351
113
105
268
121
279
511
517
465
307
543
363
476
532
582
279
618
559
405
280
125
209
225
296
527
279
130
409
279
525
352
121
113
283
505
279
534
551
363
403
364
282
261
403
307
279
473
553
551
592
225
265
526
206
470
279
129
290
481
479
402
307
469
103
655
279
360
532
551
551
166
540
504
587
504
279
403
409
209
212
551
255
255
318
471
279
395
532
481
306
479
280
579
125
478
279
548
551
571
270
400
568
271
551
479
279
280
593
511
215
279
225
209
210
265
279
561
561
340
398
124
290
511
579
5
279
125
301
505
522
568
271
280
54
271
279
428
553
209
28
527
540
513
540
208
279
78
480
519
229
114
466
551
270
301
279
511
532
505
376
403
403
478
477
551
279
166
650
296
209
405
177
593
210
28
279
556
129
513
470
240
607
280
509
262
279
395
504
464
464
505
476
479
270
261
279
280
306
215
265
239
409
540
28
318
279
129
125
525
580
579
125
121
388
270
279
569
80
505
505
255
323
166
582
280
279
277
265
238
238
265
527
239
221
186
279
521
525
132
404
479
270
4
534
103
279
641
505
466
568
323
301
587
530
477
279
384
409
426
510
513
218
219
239
540
279
521
525
580
467
607
581
270
301
276
279
282
409
505
479
359
373
324
479
53
279
597
539
639
209
593
239
638
208
177
279
520
322
114
462
306
645
20
240
240
279
285
157
157
341
359
261
280
261
324
279
401
242
658
539
462
597
178
527
470
279
520
642
462
513
645
6
534
645
645
279
553
532
477
54
479
53
54
96
403
279
125
469
358
639
71
28
656
656
217
279
339
307
481
6
6
124
645
4
356
279
282
339
458
53
53
364
53
53
651
279
401
618
265
540
28
656
409
638
239
279
642
356
481
402
479
479
301
20
355
279
161
641
486
544
54
54
582
324
96
279
559
206
469
377
218
639
28
177
648
279
124
359
77
356
124
124
290
121
269
279
475
279
279
307
390
96
280
482
396
279
395
35
35
485
304
87
100
516
100
279
130
543
522
370
354
370
511
470
542
279
485
376
99
410
307
230
547
120
351
279
592
88
541
502
553
282
604
511
144
279
102
301
301
395
525
102
534
105
349
279
511
279
124
403
472
351
355
125
104
279
126
558
137
35
130
589
257
304
304
279
511
102
301
91
91
395
350
552
389
279
279
219
513
280
371
396
115
475
355
279
554
213
352
467
399
100
362
226
516
279
301
532
307
556
301
402
551
98
105
279
279
478
130
206
115
482
96
355
72
279
58
467
467
360
87
366
21
100
226
279
523
209
105
105
386
392
105
350
272
279
307
206
376
130
225
495
125
472
216
279
485
143
376
516
99
604
516
22
22
279
209
301
153
102
102
466
91
552
91
279
130
301
307
472
516
115
390
264
482
279
109
64
143
109
112
484
534
144
233
279
517
505
409
388
105
471
552
478
542
279
219
610
408
37
280
215
482
74
486
279
592
130
275
395
109
558
484
599
394
279
479
249
505
479
552
386
98
280
552
279
305
206
654
408
99
267
327
372
29
279
161
275
485
360
600
257
350
21
484
279
301
105
613
386
401
525
478
392
98
279
362
207
166
99
606
210
372
362
212
279
333
394
558
21
146
183
9
394
438
279
266
562
249
469
370
91
392
548
250
279
532
279
353
115
218
219
45
29
264
279
58
376
112
541
485
145
438
47
460
279
553
515
386
233
2
1
416
23
471
279
539
207
408
607
16
211
516
212
52
279
524
475
21
143
516
438
46
484
599
279
299
515
105
301
471
105
414
1
470
279
206
594
607
218
401
16
472
327
374
279
213
541
18
87
18
47
145
438
183
279
562
283
370
250
389
551
1
250
23
279
99
99
359
211
547
371
16
45
461
279
19
620
254
112
200
460
22
460
10
279
266
394
301
2
250
416
250
91
417
279
282
544
384
371
390
606
218
201
284
279
467
137
88
18
85
516
460
62
62
279
154
532
373
401
417
552
471
416
1
279
307
654
279
25
38
654
214
16
17
279
161
18
24
200
183
9
62
10
47
279
511
388
418
418
409
250
195
195
14
279
509
114
304
272
511
210
74
468
307
279
201
553
92
537
414
519
352
519
130
279
554
104
377
551
401
455
90
94
107
279
558
74
551
477
307
299
71
301
114
279
354
219
274
466
528
352
455
405
455
279
505
401
89
119
377
95
26
454
101
279
508
130
82
85
74
272
219
72
117
279
554
300
282
410
466
209
466
466
307
279
350
403
205
208
26
326
23
107
454
279
536
526
512
304
116
361
283
262
407
279
23
394
301
301
651
247
519
352
307
279
590
155
511
511
504
551
94
23
470
279
570
410
548
512
478
307
130
272
468
279
511
282
301
572
247
466
92
538
247
279
505
403
95
470
119
101
394
394
511
279
469
523
477
74
231
519
262
216
439
279
615
280
614
619
51
462
466
52
174
279
575
476
455
551
95
362
227
227
182
279
385
82
541
412
301
117
534
356
97
279
73
529
528
528
223
528
174
334
352
279
469
233
505
404
107
90
470
40
94
279
385
125
74
407
266
181
116
272
72
279
367
529
650
463
106
51
528
247
538
279
130
590
590
326
117
23
107
127
90
279
274
508
475
271
153
153
505
301
181
279
278
50
223
301
47
463
47
106
106
279
532
207
116
89
470
119
119
471
319
279
385
158
117
71
478
282
262
181
262
279
642
278
51
179
352
44
334
174
650
279
507
326
119
107
89
401
27
90
81
279
158
548
420
307
205
71
412
127
469
279
277
73
44
44
44
47
51
51
334
279
282
401
471
225
159
439
404
182
490
279
64
409
185
181
3
468
56
117
481
279
301
614
519
519
463
92
650
383
52
279
505
410
326
377
410
419
504
119
119
279
153
512
74
117
55
433
157
156
49
279
307
570
553
15
519
651
248
650
51
279
505
233
205
455
455
107
455
325
404
279
385
86
477
532
431
412
301
433
185
279
395
23
650
458
462
466
222
455
224
279
522
413
274
184
419
227
326
490
184
279
536
431
158
185
412
56
185
24
157
279
597
353
481
223
97
106
398
466
528
279
553
356
434
116
325
490
490
529
23
279
432
556
181
158
55
157
181
56
56
279
274
384
536
467
466
222
646
528
412
279
505
434
475
487
184
184
184
184
325
279
523
629
276
120
275
164
527
7
70
279
588
130
364
118
138
509
423
312
363
279
526
551
364
75
79
343
343
345
611
279
401
585
134
134
165
141
527
163
281
279
476
564
425
354
425
138
180
423
398
279
500
497
41
260
514
75
640
279
363
279
531
74
629
136
140
397
394
583
281
279
570
564
363
26
565
441
425
180
297
279
344
511
561
307
75
514
74
640
77
279
278
134
153
74
136
281
7
140
546
279
317
547
564
363
279
123
565
425
563
279
509
574
301
41
316
573
75
445
514
279
384
113
474
585
397
135
140
394
142
279
588
401
118
509
363
118
150
543
180
279
469
278
307
317
41
535
362
108
262
279
531
165
136
281
281
136
123
255
480
279
280
363
425
130
125
442
510
362
272
279
574
345
498
562
344
42
262
79
345
279
403
480
373
480
72
360
523
546
284
279
562
125
364
425
362
653
551
563
118
279
532
350
574
345
204
469
316
514
280
279
233
401
401
556
558
480
513
480
393
279
544
425
125
565
509
255
509
446
543
279
74
101
410
79
508
554
526
262
77
279
166
126
373
510
134
354
163
207
163
279
500
558
362
125
118
39
483
118
423
279
305
354
345
513
36
363
445
316
469
279
283
558
394
140
394
362
513
553
553
279
206
125
372
483
518
483
118
99
594
279
532
467
534
479
363
74
43
526
399
279
503
123
12
165
360
394
123
70
393
279
553
273
125
279
410
518
652
21
483
279
558
469
475
540
306
259
514
362
640
279
384
13
384
399
12
535
553
75
175
279
273
360
130
410
483
551
402
471
532
279
558
130
469
558
307
640
430
430
259
279
305
594
160
551
480
275
75
175
72
279
469
483
357
39
149
446
102
533
149
279
526
505
474
573
410
316
526
259
282
279
391
392
399
385
385
12
13
133
8
279
361
372
357
652
652
124
275
529
114
279
532
532
78
513
640
282
259
470
108
279
531
152
152
128
354
360
360
284
133
279
280
401
483
150
529
150
255
652
406
279
532
74
410
307
307
301
108
611
194
279
395
160
125
13
359
72
133
284
234
279
508
570
652
401
39
533
377
151
652
279
554
384
76
469
573
36
266
77
430
