344
805
82
13
14
812
87
17
1
24
344
56
317
51
81
85
851
71
177
177
344
66
96
104
73
55
313
497
497
79
344
579
643
100
101
11
105
1
24
93
344
85
60
56
216
179
53
50
85
850
344
49
496
82
497
78
76
101
882
83
344
31
280
807
482
101
1
382
37
23
344
317
88
86
85
50
50
85
70
89
344
78
82
496
55
813
74
79
78
497
344
5
3
94
4
2
11
38
23
1
344
853
52
777
313
219
85
616
51
70
344
101
381
55
78
132
78
78
87
101
344
102
12
3
322
174
100
173
100
35
344
250
51
52
70
71
172
178
219
50
344
488
808
882
314
73
100
83
55
176
344
479
309
309
100
84
36
809
105
864
344
72
505
170
81
514
515
850
154
257
344
84
97
55
132
499
498
882
785
82
344
299
299
296
282
281
359
100
297
300
344
41
853
192
171
853
177
154
850
219
344
787
55
132
785
75
133
176
76
134
344
269
353
263
295
295
297
298
864
84
344
264
170
219
258
778
210
840
221
513
344
718
104
708
87
226
79
866
79
700
344
722
637
358
726
699
175
864
119
173
344
593
818
517
518
767
278
278
315
146
344
66
520
810
382
391
574
548
455
883
344
412
103
637
726
574
865
356
173
703
344
63
250
853
851
171
154
853
848
154
344
575
367
613
390
316
385
139
388
575
344
428
402
724
636
233
595
401
613
597
344
257
217
850
277
606
219
513
606
316
344
401
700
383
385
574
438
393
133
390
344
602
754
377
754
754
722
119
233
211
344
697
851
257
261
850
624
191
145
221
344
722
390
353
383
424
829
397
623
829
344
362
130
265
602
593
749
656
654
602
344
856
264
158
848
189
840
210
221
276
344
266
265
865
616
392
622
424
394
651
344
130
265
574
574
656
233
709
857
387
344
215
849
228
157
210
315
315
191
713
344
506
422
726
811
624
867
828
397
397
344
738
604
367
865
865
678
654
709
691
344
849
215
849
574
155
190
171
513
849
344
420
357
603
390
877
574
597
828
384
344
265
360
128
128
721
691
233
614
119
344
819
601
508
191
848
853
219
276
191
344
598
404
390
252
373
616
712
648
648
344
368
45
493
488
815
44
815
43
571
344
408
244
521
546
546
78
483
855
492
344
535
236
237
405
235
409
212
896
72
344
827
569
569
42
44
493
569
779
43
344
48
523
39
855
855
20
75
75
855
344
84
894
536
494
742
871
383
870
92
344
95
493
793
570
792
825
797
571
824
344
246
788
598
39
39
814
564
485
557
344
719
537
285
565
731
235
894
208
372
344
781
794
44
782
493
797
42
815
815
344
578
39
20
555
516
810
855
6
74
344
391
388
375
235
538
423
870
675
659
344
331
830
782
792
826
815
768
824
495
344
516
581
734
731
77
39
526
694
168
344
283
407
743
286
285
209
235
284
675
344
493
489
628
353
572
658
495
90
780
344
267
555
547
734
410
855
40
106
107
344
375
365
486
894
494
392
185
596
222
344
456
786
695
832
784
780
580
566
459
344
544
545
262
61
509
410
510
564
640
344
486
77
894
743
895
862
574
456
348
344
754
816
830
825
833
453
779
797
712
344
717
484
61
426
353
510
605
640
558
344
279
738
450
486
751
894
675
574
390
344
817
751
722
695
560
409
387
731
550
344
628
581
540
510
609
561
7
533
392
344
754
486
573
750
390
724
752
724
897
344
559
223
377
409
388
391
690
831
798
344
249
61
268
22
812
651
141
609
503
344
391
367
749
384
742
392
487
186
387
344
832
377
747
816
378
562
757
620
891
344
332
850
431
510
21
387
507
141
141
344
391
388
730
594
387
392
378
389
751
344
656
593
825
632
389
847
847
562
590
344
608
510
144
616
625
507
597
504
756
344
376
573
736
739
798
574
723
440
751
344
736
847
696
559
847
567
757
890
563
344
736
376
387
733
693
503
741
411
597
344
624
390
376
417
623
732
732
348
632
344
599
427
559
390
632
833
562
690
649
344
593
746
730
353
142
142
750
575
842
344
377
599
736
384
737
739
732
423
482
344
465
740
847
847
430
624
833
623
847
344
594
376
360
597
613
605
504
534
692
344
736
738
599
604
692
588
423
740
869
344
847
559
816
757
749
890
890
847
831
344
756
605
510
144
756
596
636
612
612
344
624
756
730
376
737
702
646
892
893
344
754
413
429
439
388
452
409
427
263
344
754
390
389
726
726
754
747
590
615
344
456
747
392
421
390
438
724
754
425
344
757
429
390
754
601
414
748
574
574
344
754
756
263
726
764
390
754
595
429
344
337
391
704
754
637
750
409
384
383
344
757
427
464
367
757
582
413
459
180
344
773
225
757
754
593
574
637
352
452
344
757
746
601
429
424
574
754
747
756
344
747
402
429
421
593
754
472
724
754
344
858
422
735
653
726
752
574
361
425
344
427
46
384
754
429
617
439
438
522
344
419
390
747
439
735
754
595
274
741
344
746
756
724
261
735
458
623
878
732
344
752
756
373
387
465
452
423
754
593
344
330
747
54
593
413
180
601
413
452
344
752
879
754
754
597
353
424
623
590
344
711
711
47
353
747
121
574
395
184
344
419
466
746
421
180
659
411
239
750
344
577
756
593
861
451
735
390
676
623
344
390
362
747
46
435
724
430
724
731
344
747
733
747
377
748
748
638
414
414
344
427
261
409
597
625
802
879
661
859
344
755
355
751
462
98
884
750
384
724
344
419
456
464
464
413
414
452
390
473
344
437
593
733
733
137
575
591
859
878
344
401
594
422
398
397
750
726
435
724
344
68
240
414
414
418
116
413
180
458
344
263
729
129
145
729
388
135
679
762
344
480
594
193
593
754
698
182
265
438
344
287
422
754
180
117
721
249
757
414
344
590
597
234
731
376
589
589
135
636
344
337
396
399
373
645
397
430
384
821
344
376
587
414
597
753
264
111
452
290
344
589
730
765
586
657
140
761
623
834
344
366
193
427
231
724
218
645
147
120
344
200
845
849
151
435
471
637
471
113
344
754
201
621
707
210
880
834
450
747
344
502
229
232
390
218
346
265
218
218
344
375
733
604
849
452
289
844
406
724
344
750
591
633
763
737
860
220
258
676
344
99
375
753
347
349
436
218
183
731
344
376
126
164
290
289
597
289
289
275
344
599
774
733
670
859
257
594
761
138
344
225
599
390
757
375
724
724
645
358
344
852
292
291
414
849
849
180
112
406
344
225
577
435
621
678
763
859
834
220
344
420
604
390
421
435
417
153
350
385
344
262
755
392
383
595
388
452
593
388
344
755
241
238
259
389
568
421
791
429
344
383
747
750
727
392
636
384
437
415
344
607
391
388
601
383
732
387
385
383
344
333
549
710
335
197
377
702
391
108
344
377
756
747
391
414
390
437
574
378
344
383
391
623
599
554
636
389
392
574
344
677
751
124
238
436
65
756
409
353
344
367
390
422
727
390
390
733
637
594
344
747
590
732
390
740
392
630
425
391
344
390
318
756
389
747
440
392
488
790
344
751
390
757
391
390
590
415
409
574
344
392
722
734
386
630
750
582
390
440
344
512
370
389
747
239
426
611
429
407
344
755
756
388
727
390
601
574
409
593
344
408
731
590
637
389
556
392
554
592
344
254
187
756
789
757
783
790
80
85
344
755
747
353
391
390
390
384
593
574
344
757
731
392
588
425
630
613
453
352
344
122
508
187
131
874
259
390
108
390
344
795
754
745
593
637
756
421
421
637
344
589
607
722
863
752
586
387
392
554
344
592
370
265
754
153
588
853
702
391
344
366
618
599
754
390
425
747
392
593
344
474
343
288
599
389
409
163
642
676
344
852
265
261
747
784
756
380
602
271
344
336
353
312
599
754
414
420
600
411
344
365
574
709
390
875
623
642
387
321
344
256
435
756
610
110
688
325
388
671
344
435
841
687
414
636
425
600
380
806
344
733
754
69
630
740
679
900
677
596
344
533
733
872
702
259
109
671
799
162
344
365
650
599
601
759
760
836
666
427
344
716
365
597
609
698
706
582
320
903
344
477
260
692
188
790
671
801
271
783
344
597
800
636
388
592
353
666
758
416
344
270
440
885
672
421
698
556
145
647
344
319
701
886
845
886
799
109
671
689
344
865
465
756
687
604
417
758
686
666
344
434
750
435
706
361
740
868
900
163
344
796
766
328
873
324
162
287
162
327
344
367
597
739
835
687
838
686
574
836
344
365
735
391
730
703
876
679
676
724
344
367
123
845
886
846
790
162
845
841
344
367
756
745
753
846
750
747
849
758
344
754
288
734
672
143
143
320
868
868
344
265
887
789
324
688
325
849
326
799
344
410
605
841
841
601
687
888
889
886
344
439
387
750
420
722
704
601
331
747
344
712
750
390
392
734
427
451
439
389
344
467
429
656
585
756
248
519
584
771
344
636
575
405
427
429
704
757
388
460
344
433
712
735
751
272
754
197
702
197
344
751
422
429
196
619
584
652
247
433
344
400
421
844
845
752
425
728
353
361
344
433
418
757
757
751
751
440
429
378
344
440
756
742
741
575
149
655
803
251
344
377
392
456
732
721
726
637
360
747
344
705
750
757
756
165
443
440
451
390
344
799
195
388
421
732
438
583
655
413
344
263
409
342
573
421
429
741
409
331
344
749
594
390
253
443
751
652
692
444
344
574
361
354
395
194
427
409
353
385
344
409
451
439
754
422
429
453
728
702
344
310
798
775
166
685
772
756
901
323
344
175
438
414
747
584
387
748
353
804
344
597
844
733
511
330
383
413
731
747
344
714
431
272
272
573
61
682
770
451
344
436
756
747
751
684
519
746
541
583
344
754
377
390
732
722
530
726
459
387
344
820
260
820
820
206
683
272
445
692
344
622
799
811
148
728
619
803
460
732
344
735
400
601
702
756
427
437
731
528
344
481
673
386
757
902
820
902
205
205
344
754
597
351
746
395
195
195
250
386
344
753
862
726
732
421
377
726
524
358
344
198
660
800
683
754
681
769
680
293
344
751
148
196
822
735
741
638
519
535
344
862
380
552
420
722
390
507
460
353
344
255
707
708
681
680
902
690
690
770
344
751
756
425
593
243
728
534
805
242
344
550
730
203
525
529
414
845
585
459
344
433
311
463
439
224
603
294
614
901
344
752
588
148
610
732
508
590
194
195
344
749
622
752
721
841
203
841
842
539
344
402
199
757
776
427
157
627
293
692
344
437
395
591
227
227
823
248
150
676
344
597
531
420
599
203
509
750
204
204
344
752
705
167
818
769
754
626
334
626
344
270
678
748
898
609
726
149
242
898
344
437
203
841
204
509
846
203
539
841
344
676
715
603
624
390
206
732
392
260
344
754
351
898
639
154
243
243
817
667
344
839
390
532
843
847
841
527
847
848
344
737
604
376
377
751
624
207
260
701
344
427
899
391
553
898
898
898
898
150
344
369
341
345
379
335
448
439
329
641
344
58
389
451
33
62
385
64
489
582
344
854
345
342
744
629
34
34
15
307
344
752
423
254
63
461
303
442
449
329
344
743
32
356
404
404
62
478
64
741
344
27
10
881
704
476
744
213
389
743
344
339
409
340
491
301
329
755
91
442
344
169
29
434
407
17
596
353
542
389
344
34
465
711
574
744
469
411
224
389
344
338
57
379
438
491
442
329
305
461
344
34
412
30
434
743
353
18
353
17
344
361
26
489
881
114
120
595
614
470
344
754
455
363
492
413
273
304
409
306
344
59
578
32
623
422
32
663
427
543
344
724
481
385
8
881
574
411
152
383
344
433
596
491
441
441
463
458
329
353
344
389
404
67
458
459
18
389
352
574
344
28
33
9
239
34
308
387
638
16
344
752
364
378
390
432
440
457
461
593
344
737
402
623
477
353
159
429
19
34
344
451
373
181
34
634
432
137
469
383
344
756
754
754
335
453
371
593
362
561
344
698
67
388
17
384
574
360
732
427
344
749
631
726
603
634
634
732
386
585
344
749
389
746
390
271
732
446
357
447
344
25
603
412
451
32
703
676
32
245
344
716
851
34
733
239
411
615
136
390
344
749
735
475
302
664
750
755
335
335
344
387
390
592
700
355
679
32
425
698
344
377
373
723
599
752
377
308
386
624
344
375
390
698
617
756
371
722
756
665
344
435
575
429
452
388
355
160
698
700
344
411
464
262
754
387
635
469
390
214
344
500
669
384
593
699
390
335
432
592
344
613
403
454
390
700
603
591
746
440
344
753
390
418
634
428
837
202
202
710
344
501
620
746
746
389
335
430
668
378
344
429
591
714
669
662
679
551
414
663
344
720
720
576
118
374
115
384
638
387
344
735
599
599
753
756
699
674
125
644
344
729
696
597
159
159
460
264
672
723
344
375
377
575
574
230
387
704
614
152
344
375
490
490
468
733
357
754
591
127
344
733
725
678
594
590
662
385
160
588
344
465
755
751
384
387
726
152
307
156
344
749
390
402
679
754
334
125
756
644
344
420
161
160
724
669
264
696
663
160
344
749
749
406
418
118
849
616
421
202
