191
412
170
214
214
305
229
214
139
296
191
383
407
419
419
383
241
423
376
376
191
353
231
196
303
196
402
209
209
197
191
138
208
194
229
214
305
139
296
305
191
385
227
425
435
377
423
418
384
283
191
229
210
286
209
160
196
196
9
227
191
213
115
305
305
194
140
182
117
203
191
411
379
384
383
419
419
285
423
385
191
287
286
209
196
303
286
197
160
209
191
138
140
115
140
140
214
117
203
139
191
112
425
415
407
435
285
370
418
423
191
206
354
160
160
231
160
160
286
160
191
170
215
140
409
171
194
171
229
117
191
365
419
423
425
423
165
376
434
418
191
206
302
434
415
303
169
238
196
225
191
116
410
410
194
229
117
304
304
250
191
96
406
417
227
27
28
283
136
189
191
286
287
196
231
209
209
9
400
196
191
432
432
133
118
118
180
194
132
133
191
385
371
380
165
112
376
136
283
435
191
416
196
231
416
286
230
196
196
230
191
144
202
206
133
132
132
132
250
194
191
368
417
434
189
415
439
281
434
27
191
302
196
407
286
434
197
440
197
407
191
354
193
340
177
409
171
250
194
171
191
90
420
49
400
420
25
25
404
166
191
206
48
229
190
180
180
180
201
9
191
339
170
354
270
355
250
239
171
20
191
365
436
112
188
165
136
371
281
136
191
239
368
239
182
402
178
230
177
201
191
187
202
351
351
175
180
205
181
205
191
435
189
283
26
370
434
27
24
404
191
206
16
191
202
90
146
201
230
178
191
253
191
163
208
183
355
195
248
248
191
370
188
439
112
283
370
238
166
431
191
368
354
90
90
178
279
337
178
279
191
256
171
242
257
177
316
294
178
178
191
365
368
436
281
87
281
431
371
25
191
372
372
372
181
177
145
178
177
177
191
170
257
205
351
294
175
409
294
354
191
435
110
26
225
439
404
404
238
24
191
46
239
205
303
177
440
328
337
274
191
261
162
208
250
250
20
178
409
294
191
110
435
110
398
225
238
166
27
47
191
270
90
205
191
407
193
145
328
178
191
188
267
171
171
270
294
175
354
194
191
422
321
265
345
281
371
434
25
238
191
146
205
205
414
193
174
174
174
174
191
88
220
212
212
422
102
422
102
119
191
340
199
275
329
329
308
397
251
272
191
60
237
237
144
237
183
37
293
237
191
112
64
64
102
103
272
119
399
102
191
309
326
200
251
251
334
308
308
251
191
371
412
60
267
259
369
208
369
60
191
389
211
79
119
79
424
78
119
424
191
206
383
212
200
200
206
330
397
331
191
364
60
431
391
183
237
292
29
57
191
407
79
220
401
211
79
102
422
422
191
267
200
335
44
46
356
251
226
308
191
364
341
261
237
60
316
369
277
177
191
398
328
401
79
426
422
424
424
206
191
44
317
272
206
308
200
271
219
226
191
237
259
259
412
395
281
237
237
143
191
211
389
51
341
119
51
272
206
399
191
188
44
329
212
397
251
200
200
200
191
338
270
298
412
338
316
60
108
431
191
341
416
370
328
401
399
52
275
191
191
329
329
251
308
326
272
44
330
317
191
338
395
412
259
292
60
177
177
259
191
55
362
328
424
47
193
399
78
52
191
207
273
308
180
354
44
318
317
331
191
371
181
247
146
239
292
272
177
177
191
112
370
341
380
372
182
342
114
122
191
350
247
326
326
44
331
334
331
50
191
206
298
183
239
341
298
354
205
293
191
59
426
271
55
271
193
36
47
78
191
308
308
206
335
206
146
234
180
45
191
338
181
193
183
258
107
301
60
316
191
112
55
317
422
55
275
341
52
134
191
207
251
208
44
335
315
326
234
234
191
338
270
274
183
181
368
56
353
337
191
262
88
426
143
354
109
109
275
245
191
411
44
199
152
146
331
153
45
205
191
208
183
255
255
212
183
259
337
208
191
55
110
135
372
59
119
206
134
276
191
274
317
144
261
180
46
50
205
180
191
259
315
341
205
183
247
177
259
253
191
261
208
72
271
135
328
275
36
36
191
212
114
261
354
234
234
206
50
244
191
370
270
205
239
205
254
247
316
91
191
208
262
59
110
370
20
328
208
109
191
208
317
205
268
277
180
45
61
144
191
366
253
183
163
273
272
316
253
369
191
110
72
422
239
341
134
134
109
47
191
191
272
44
234
114
152
317
141
154
191
318
183
146
208
440
66
254
300
300
191
193
337
90
337
337
321
55
367
42
191
257
90
90
191
191
342
206
181
88
191
246
346
342
90
73
73
183
81
386
191
261
337
354
270
114
254
270
354
247
191
319
274
431
157
428
274
351
146
193
191
353
90
317
73
240
81
73
183
87
191
341
345
314
208
361
247
320
354
388
191
413
371
272
191
88
146
157
202
351
191
90
274
191
350
240
87
81
193
337
191
354
366
247
270
247
193
179
270
208
191
318
368
366
396
157
181
351
145
317
191
90
198
322
321
270
208
316
73
438
191
245
354
366
366
114
359
337
392
337
191
270
274
146
148
366
177
177
218
317
191
267
354
322
208
321
191
386
88
321
191
364
366
380
184
269
378
185
366
321
191
191
396
341
151
191
157
146
146
181
191
372
372
232
268
88
198
341
386
4
191
88
205
337
348
378
185
191
42
185
191
287
368
146
23
351
359
342
359
146
191
57
322
346
161
81
315
366
184
205
191
341
354
337
257
270
270
321
320
366
191
114
435
202
146
272
123
396
146
23
191
370
90
342
317
168
406
191
340
180
191
267
337
313
313
337
320
321
184
179
191
191
208
151
181
167
274
359
23
218
191
90
88
350
387
386
88
87
262
184
191
378
58
337
337
177
222
114
388
191
191
189
181
167
167
181
351
167
154
131
191
347
350
91
271
321
184
4
354
73
191
430
337
315
378
222
205
392
353
320
191
261
274
285
341
342
153
154
167
359
191
347
350
387
315
406
387
184
205
189
191
193
274
337
321
245
254
222
321
41
191
398
358
428
146
396
167
427
146
123
191
347
221
81
311
208
433
15
168
168
191
194
110
110
233
245
179
191
179
222
191
270
169
440
358
311
398
124
351
317
191
347
431
311
342
433
5
354
433
433
191
368
354
320
42
321
41
42
68
270
191
88
316
244
428
54
23
439
439
153
191
232
208
322
5
5
88
433
4
243
191
193
232
309
41
41
247
41
41
436
191
270
413
181
359
23
439
274
427
167
191
431
243
322
270
321
321
205
15
242
191
112
430
325
362
42
42
388
222
68
191
371
145
316
257
153
428
23
123
434
191
88
245
56
243
88
88
198
87
183
191
319
191
191
208
264
68
191
322
267
191
267
29
29
324
206
62
70
344
70
191
90
361
348
252
241
252
341
317
361
191
324
257
69
274
208
162
363
86
240
191
396
62
360
336
368
193
403
341
100
191
72
205
205
267
350
72
354
73
239
191
341
191
88
270
318
240
242
88
73
191
89
370
95
29
90
393
177
206
206
191
341
72
205
65
65
267
239
367
263
191
191
154
342
191
253
267
82
319
242
191
368
149
240
315
269
70
246
158
344
191
205
354
208
370
205
270
366
69
73
191
191
321
90
145
82
322
68
242
54
191
44
315
315
245
62
249
16
70
158
191
348
146
73
73
261
265
73
239
186
191
208
145
257
90
157
331
88
318
152
191
324
99
257
344
69
403
344
17
17
191
146
205
107
72
72
315
65
367
65
191
90
205
208
318
344
82
264
180
322
191
77
48
99
77
80
324
354
100
163
191
345
337
274
262
73
317
367
321
361
191
154
407
273
30
191
151
322
55
325
191
396
90
188
267
77
370
324
400
267
191
321
173
337
321
367
261
69
191
367
191
207
145
438
273
69
182
225
254
24
191
112
188
324
245
400
177
239
16
324
191
205
73
410
261
270
350
321
265
69
191
246
146
114
69
405
146
254
246
148
191
227
267
370
16
101
128
7
267
295
191
181
372
173
316
252
65
265
364
173
191
354
191
241
82
153
154
35
24
180
191
44
257
80
360
324
100
295
36
310
191
368
344
261
163
2
1
278
18
317
191
358
146
273
406
12
147
344
148
40
191
349
319
16
99
344
295
36
324
400
191
204
344
73
205
317
73
277
1
317
191
145
396
406
153
270
12
318
225
255
191
149
360
14
62
14
36
100
295
128
191
372
193
252
173
263
366
1
173
18
191
69
69
245
147
363
253
12
35
310
191
14
414
176
80
142
310
17
310
8
191
181
267
205
2
173
278
173
65
279
191
193
362
261
253
264
405
153
143
193
191
315
95
62
14
61
344
310
47
47
191
108
354
254
270
279
367
317
278
1
191
208
438
191
20
30
438
150
12
13
191
112
14
19
142
128
7
47
8
36
191
341
262
279
279
274
173
137
137
11
191
340
81
206
186
341
146
55
316
208
191
143
368
66
356
277
346
240
346
90
191
368
73
257
366
270
307
64
67
75
191
370
55
366
320
208
204
54
205
81
191
241
154
187
315
352
240
307
272
307
191
337
270
63
85
257
67
21
306
71
191
339
90
59
61
55
186
154
54
83
191
368
205
193
274
315
146
315
315
208
191
239
270
145
146
21
224
18
75
306
191
356
351
342
206
83
246
193
180
273
191
18
267
205
205
436
172
346
240
208
191
394
108
341
341
337
366
67
18
317
191
379
274
364
342
321
208
90
186
316
191
341
193
205
380
172
315
66
357
172
191
337
270
67
317
85
71
267
267
341
191
316
348
320
55
162
346
180
152
295
191
411
191
411
414
39
311
315
40
120
191
383
320
307
366
67
246
159
159
127
191
261
59
360
275
205
83
354
243
68
191
55
352
352
352
155
352
120
228
240
191
316
163
337
271
75
64
317
31
67
191
261
88
55
273
181
126
83
186
54
191
249
352
435
312
74
39
352
172
357
191
90
394
394
224
83
18
75
89
64
191
187
339
319
185
107
107
337
205
126
191
190
38
155
205
36
312
36
74
74
191
354
146
83
63
317
85
85
317
218
191
261
110
83
54
321
193
180
126
180
191
431
190
39
124
240
34
228
120
435
191
338
224
85
75
63
270
22
64
58
191
110
364
280
208
145
54
275
89
316
191
189
55
34
34
34
36
39
39
228
191
193
270
317
157
110
295
271
127
327
191
48
274
130
126
3
316
43
83
322
191
205
411
346
346
312
66
435
260
40
191
337
274
224
257
274
280
337
85
85
191
107
342
55
83
43
290
110
109
37
191
208
379
368
11
346
436
172
435
39
191
337
163
145
307
307
75
307
223
271
191
261
61
320
354
288
275
205
290
130
191
267
18
435
309
311
315
155
307
156
191
348
276
187
129
280
159
224
327
129
191
356
288
110
130
275
43
130
19
110
191
398
241
322
155
68
74
268
315
352
191
368
243
291
83
223
327
327
352
18
191
289
370
126
110
43
110
126
43
43
191
187
261
356
315
315
155
433
352
275
191
337
291
319
326
129
129
129
129
223
191
348
421
189
86
188
113
351
6
53
191
393
90
247
84
96
340
282
212
247
191
351
366
247
56
57
235
235
236
408
191
270
390
93
93
114
98
351
113
192
191
320
374
284
241
284
96
125
282
268
191
335
332
32
178
343
56
429
191
247
191
353
55
421
94
97
268
267
389
192
191
379
374
247
21
375
297
284
125
202
191
236
341
372
208
56
343
55
429
56
191
190
93
107
55
94
192
6
97
363
191
217
363
374
247
191
88
375
284
373
191
340
382
205
32
216
381
56
299
343
191
261
81
319
390
268
93
97
267
98
191
393
270
84
340
247
84
105
361
125
191
316
190
208
217
32
355
246
76
180
191
353
114
94
192
192
94
88
177
322
191
191
247
284
90
88
297
341
246
186
191
382
236
333
372
236
32
180
57
236
191
270
322
254
322
54
245
348
363
193
191
372
88
247
284
246
437
366
373
84
191
354
239
382
236
144
316
216
343
191
191
163
270
270
370
370
322
342
322
266
191
362
284
88
375
340
177
340
299
361
191
55
71
274
57
339
368
351
180
56
191
114
89
254
341
93
241
113
146
113
191
335
370
246
88
84
31
323
84
282
191
207
241
236
342
29
247
299
216
316
191
193
370
267
97
267
246
342
368
368
191
145
88
254
323
346
323
84
69
396
191
354
315
354
321
247
55
33
351
269
191
336
88
10
114
245
267
88
53
266
191
368
187
88
191
274
346
437
16
323
191
370
316
319
359
208
178
343
246
429
191
261
10
261
269
10
355
368
56
121
191
187
245
90
274
323
366
270
317
354
191
370
90
316
370
208
429
288
288
178
191
207
396
111
366
322
188
56
121
54
191
316
323
244
31
104
299
72
354
104
191
351
337
319
381
274
216
351
178
193
191
265
265
269
261
261
10
10
92
6
191
246
254
244
437
437
88
188
352
81
191
354
354
57
342
429
193
178
317
76
191
353
106
106
89
241
245
245
193
92
191
191
270
323
105
352
105
177
437
272
191
354
55
274
208
208
205
76
408
136
191
267
111
88
10
245
54
92
193
164
191
339
379
437
270
31
354
257
105
437
191
368
261
56
316
381
29
181
56
288
