249
535
56
11
12
540
59
14
1
17
249
39
228
37
56
58
567
49
122
122
249
46
65
70
51
39
225
337
337
54
249
394
425
68
68
10
70
1
17
62
249
58
41
39
151
122
38
36
58
566
249
35
336
56
337
53
52
68
591
57
249
21
200
537
326
68
1
272
25
17
249
228
59
58
58
36
36
58
49
59
249
53
56
336
39
540
51
54
53
337
249
5
3
63
4
2
10
26
17
1
249
568
38
517
225
154
58
411
37
49
249
68
271
39
53
88
53
53
59
68
249
69
10
3
232
119
68
119
68
24
249
179
37
38
49
49
118
122
154
36
249
329
537
591
225
51
68
57
39
121
249
324
222
222
68
57
24
538
70
576
249
50
345
117
56
352
353
566
104
185
249
57
66
39
88
339
338
591
521
56
249
212
212
210
201
200
257
68
211
213
249
29
568
134
118
568
122
104
566
154
249
523
39
88
521
51
89
121
52
89
249
191
254
188
210
210
211
211
576
57
249
189
117
154
185
517
146
562
155
351
249
480
70
473
59
160
54
578
54
468
249
483
423
257
486
468
120
576
80
119
249
400
545
354
355
510
198
198
226
99
249
46
356
539
272
275
390
374
309
591
249
286
69
423
486
390
577
256
119
470
249
43
179
568
567
118
104
568
565
104
249
391
262
410
275
227
273
93
274
391
249
294
281
485
423
165
401
280
410
403
249
185
152
566
197
407
154
351
407
227
249
280
468
273
273
390
300
276
89
275
249
405
499
268
499
499
483
80
165
147
249
466
567
185
187
566
415
133
98
155
249
483
275
254
273
292
554
278
414
554
249
259
86
189
405
400
497
435
433
405
249
570
189
107
565
131
562
146
155
196
249
189
189
577
411
275
414
292
276
431
249
86
189
390
390
435
165
473
571
273
249
150
565
162
106
146
226
226
133
475
249
346
291
486
539
415
579
553
278
278
249
491
406
262
577
577
451
433
473
461
249
565
150
565
390
104
132
118
351
565
249
291
256
406
275
587
390
403
553
273
249
189
258
85
85
483
461
165
411
80
249
545
404
347
133
565
568
154
196
133
249
403
282
275
181
266
411
475
429
429
249
263
32
333
329
542
31
542
31
389
249
284
174
356
373
373
53
327
570
333
249
366
168
168
283
167
284
148
599
50
249
552
388
388
30
31
333
388
518
31
249
34
358
27
570
570
16
51
51
570
249
57
598
367
334
493
583
273
582
61
249
64
333
527
388
527
550
531
389
549
249
176
524
403
27
27
541
384
327
380
249
481
367
203
385
488
167
598
145
265
249
518
528
31
519
333
531
30
542
542
249
393
27
16
379
354
539
570
6
51
249
275
274
267
167
368
292
582
449
437
249
240
555
519
527
551
542
511
549
335
249
354
395
489
488
53
27
361
463
115
249
202
284
493
203
203
145
167
202
449
249
333
330
417
254
389
436
335
60
518
249
190
379
373
489
285
570
28
71
71
249
267
261
328
598
334
275
128
402
156
249
309
522
464
556
520
518
394
385
311
249
372
372
188
42
348
285
348
384
424
249
328
53
598
493
598
575
390
309
251
249
499
543
555
550
556
308
518
531
475
249
479
327
42
293
254
348
406
424
381
249
199
491
307
328
498
598
449
390
275
249
544
498
483
464
382
284
273
488
375
249
417
395
370
348
408
383
7
366
275
249
499
328
390
498
275
485
498
485
599
249
382
157
268
284
274
275
460
556
531
249
179
42
190
16
540
431
95
408
343
249
275
262
497
273
493
275
328
128
273
249
556
268
495
543
268
383
500
413
595
249
241
566
296
348
16
273
347
95
95
249
275
274
487
400
273
275
268
274
498
249
435
400
550
420
274
565
565
383
399
249
407
348
97
411
415
347
403
344
500
249
267
390
490
491
531
390
484
300
498
249
490
565
465
382
565
386
500
595
383
249
490
267
273
489
462
343
492
286
403
249
415
275
267
289
414
488
488
251
420
249
404
294
382
275
420
556
383
460
429
249
400
495
487
254
95
95
498
391
563
249
268
404
490
273
490
491
488
292
326
249
314
492
565
565
295
415
556
414
565
249
400
267
258
403
410
406
344
366
462
249
490
491
404
406
462
398
292
492
581
249
565
382
543
500
497
595
595
565
556
249
500
406
348
97
500
402
423
409
409
249
415
500
487
267
490
469
428
596
597
249
499
287
294
300
274
308
284
294
188
249
499
275
274
486
486
499
495
399
411
249
309
495
275
291
275
300
485
499
292
249
500
294
275
499
404
287
496
390
390
249
499
500
188
486
507
275
499
401
294
249
244
275
470
499
423
498
284
273
273
249
500
294
314
262
500
395
287
311
123
249
514
159
500
499
400
390
423
253
308
249
500
495
404
294
292
390
499
495
500
249
495
281
294
291
400
499
319
485
499
249
572
291
489
432
486
498
390
258
292
249
294
33
273
499
294
412
300
300
357
249
291
275
495
300
489
499
401
195
492
249
495
500
485
187
489
311
414
588
488
249
498
500
266
273
314
308
292
499
400
249
240
495
38
400
287
123
404
287
308
249
498
589
499
499
403
254
292
414
399
249
474
474
33
254
495
81
390
277
127
249
291
315
495
291
123
437
286
170
498
249
392
500
400
574
308
489
275
450
414
249
275
259
495
33
299
485
295
485
488
249
495
489
495
268
496
496
423
287
287
249
294
187
284
403
415
533
589
439
573
249
500
255
498
313
67
592
498
273
485
249
291
309
314
314
287
287
308
275
320
249
299
400
489
489
91
391
399
573
588
249
280
400
291
278
278
498
486
299
485
249
47
171
287
287
290
78
287
123
311
249
188
487
85
98
487
274
90
452
505
249
324
400
135
400
499
467
125
189
300
249
204
291
499
123
78
483
179
500
287
249
399
403
166
488
267
398
398
90
423
249
244
277
279
266
427
278
295
273
546
249
267
397
287
403
499
189
75
308
206
249
398
487
508
397
435
94
504
414
557
249
262
135
294
164
485
153
427
99
80
249
141
564
565
101
299
318
423
318
76
249
499
142
413
473
146
589
557
307
495
249
342
163
164
275
153
250
189
153
153
249
267
489
406
565
308
206
564
284
485
249
498
399
421
506
490
573
155
185
450
249
67
267
499
250
251
299
153
126
488
249
267
84
112
206
206
403
206
206
195
249
404
515
489
445
573
185
400
504
92
249
159
404
275
500
267
485
485
427
257
249
567
207
206
287
565
565
123
75
284
249
159
392
299
413
451
506
573
557
155
249
291
406
275
291
299
289
103
252
273
249
188
500
275
273
401
274
308
400
274
249
500
172
169
186
274
387
291
526
294
249
273
495
498
486
275
423
273
299
288
249
407
275
274
404
273
488
273
273
273
249
241
374
474
243
139
268
469
275
72
249
268
500
495
275
287
275
299
390
268
249
273
275
414
404
378
423
274
275
390
249
450
498
83
169
299
45
500
284
254
249
262
275
291
486
275
275
489
423
400
249
495
399
488
275
492
275
418
292
275
249
275
229
500
274
495
300
275
329
526
249
498
275
500
275
275
399
288
284
390
249
275
483
489
273
418
498
395
275
300
249
350
264
274
495
170
293
408
294
284
249
500
500
274
486
275
404
390
284
400
249
284
488
399
423
274
379
275
378
399
249
183
129
500
525
500
520
526
55
58
249
500
495
254
275
275
275
273
400
390
249
500
488
275
398
292
418
410
308
253
249
82
347
129
87
585
186
275
72
275
249
529
499
494
400
423
500
291
291
423
249
398
407
483
575
498
397
273
275
378
249
399
264
189
499
103
398
568
469
275
249
262
412
404
499
275
292
495
275
400
249
321
248
205
404
274
284
111
425
450
249
567
189
187
495
520
500
270
405
193
249
243
254
224
404
499
287
291
404
286
249
261
390
473
275
586
414
425
273
231
249
184
299
500
408
74
459
235
274
446
249
299
563
458
287
423
292
404
270
536
249
489
499
48
418
492
452
602
450
402
249
366
489
584
469
186
73
446
532
110
249
261
430
404
404
502
503
559
443
294
249
478
261
403
408
467
472
395
231
604
249
323
187
462
130
526
446
532
193
520
249
403
532
423
274
399
254
443
501
288
249
192
300
592
447
291
467
379
98
428
249
230
469
593
564
593
532
73
446
459
249
577
314
500
458
406
289
501
458
443
249
298
498
299
472
258
492
580
602
111
249
530
509
238
584
234
110
204
110
237
249
262
403
491
558
458
560
458
390
559
249
261
489
275
487
470
586
452
450
485
249
262
82
564
593
565
526
110
564
563
249
262
500
494
499
565
498
495
565
501
249
499
205
489
447
96
96
231
580
580
249
189
593
525
234
459
235
565
236
532
249
285
406
563
563
404
458
594
594
593
249
300
273
498
291
483
470
404
240
495
249
475
498
275
275
489
294
308
300
274
249
315
294
435
396
500
178
356
396
513
249
423
391
283
294
294
470
500
274
312
249
297
475
489
498
193
499
139
469
139
249
498
291
294
138
413
396
432
177
297
249
280
291
564
564
498
292
486
254
258
249
297
290
500
500
498
498
300
294
268
249
300
500
493
492
391
100
434
534
180
249
268
275
309
488
483
486
423
258
495
249
471
498
500
500
113
303
300
308
275
249
532
137
274
291
488
300
396
434
287
249
188
284
248
390
291
294
492
284
240
249
497
400
275
182
303
498
432
462
304
249
390
258
254
277
136
294
284
254
273
249
284
308
300
499
291
294
308
486
469
249
222
531
516
114
457
513
500
603
233
249
120
300
287
495
396
273
496
254
534
249
403
564
489
349
240
273
287
488
495
249
476
296
193
193
390
42
454
512
308
249
299
500
495
498
456
356
495
370
396
249
499
268
275
488
483
364
486
311
273
249
546
187
546
546
144
455
193
304
462
249
414
532
539
100
486
413
534
312
488
249
489
280
404
469
500
294
299
488
363
249
325
447
273
500
603
546
603
144
144
249
499
403
253
495
277
137
137
179
273
249
499
575
486
488
291
268
486
359
257
249
140
438
532
455
499
454
512
453
208
249
498
100
138
547
489
492
423
356
366
249
575
270
377
291
483
275
347
312
254
249
183
473
473
454
453
603
460
460
512
249
498
500
292
400
173
486
366
535
173
249
375
487
143
360
363
287
564
396
311
249
297
223
314
300
158
406
209
411
603
249
498
398
100
408
488
347
399
136
137
249
497
414
498
483
563
143
563
563
369
249
281
140
500
516
294
106
416
208
462
249
299
277
399
161
161
548
178
101
450
249
403
365
291
404
143
348
498
143
143
249
498
471
114
545
512
499
415
242
415
249
192
451
496
600
408
486
100
173
600
249
299
143
563
143
348
565
143
369
563
249
450
477
406
415
275
144
488
275
187
249
499
253
600
423
104
173
173
544
444
249
561
275
365
563
565
563
362
565
565
249
490
406
267
268
498
415
144
187
469
249
294
601
275
377
600
600
600
600
101
249
263
247
249
269
243
305
300
239
424
249
40
274
308
23
43
273
44
330
395
249
569
249
248
493
417
23
23
13
220
249
498
292
183
43
313
216
302
306
239
249
493
22
256
282
282
43
323
44
492
249
19
9
590
470
322
493
149
274
493
249
246
284
246
332
214
239
500
60
302
249
116
20
298
284
14
402
254
371
274
249
23
314
474
390
493
317
286
158
274
249
245
39
269
300
332
302
239
218
313
249
23
286
20
298
493
254
14
254
14
249
258
18
330
590
77
80
401
411
317
249
499
309
260
333
287
194
217
284
219
249
40
393
22
414
291
22
440
294
371
249
485
325
273
8
590
390
286
102
273
249
297
402
332
301
301
314
311
239
254
249
274
282
46
311
311
14
274
253
390
249
19
23
8
170
23
221
273
423
13
249
498
260
268
275
296
300
310
313
400
249
490
281
414
323
254
108
294
15
23
249
308
266
124
23
422
296
91
317
273
249
500
499
499
243
308
265
400
259
383
249
467
46
274
14
273
390
258
488
294
249
497
419
486
406
422
422
488
273
396
249
497
274
495
275
193
488
305
256
305
249
17
406
286
308
22
470
450
22
175
249
478
567
23
489
170
286
411
90
275
249
497
489
321
215
441
498
500
243
243
249
273
275
399
468
255
452
22
292
467
249
268
266
484
404
498
268
221
273
415
249
267
275
467
412
500
265
483
500
442
249
299
391
294
308
274
255
109
467
468
249
286
314
188
499
273
422
317
275
149
249
340
445
273
400
468
275
243
296
399
249
410
281
308
275
468
406
399
495
300
249
499
275
290
422
294
559
143
143
474
249
341
413
495
495
274
243
295
444
268
249
294
399
476
445
440
452
376
287
440
249
482
482
391
79
266
77
273
423
273
249
489
404
404
499
500
468
448
84
426
249
487
465
403
108
108
312
189
447
484
249
267
268
391
390
163
273
470
411
102
249
267
331
331
316
489
256
499
399
84
249
489
485
451
400
399
440
273
109
398
249
314
500
498
273
273
486
102
220
105
249
497
275
281
452
499
242
84
500
426
249
291
109
109
485
445
189
465
440
109
249
497
497
284
290
79
565
411
291
143
