136
281
121
151
151
212
163
151
101
208
136
260
277
286
286
260
172
289
256
256
136
242
165
139
211
139
274
147
147
139
136
100
146
138
163
151
212
101
208
212
136
260
162
291
297
256
289
286
260
198
136
163
148
200
147
114
139
139
9
162
136
150
79
212
212
138
102
130
81
144
136
280
258
260
260
286
286
199
289
260
136
200
200
147
139
211
200
139
114
147
136
100
102
79
102
102
151
81
144
101
136
76
291
284
277
297
199
251
286
289
136
145
242
114
114
165
114
114
200
114
136
121
152
102
279
122
138
122
163
81
136
248
286
289
291
289
117
256
296
286
136
145
211
296
284
211
120
170
139
160
136
80
279
279
138
163
81
211
211
177
136
65
276
285
162
21
21
198
99
134
136
200
200
139
165
147
147
9
272
139
136
295
295
96
82
82
130
138
95
96
136
260
252
258
117
76
256
99
198
297
136
284
139
165
284
200
164
139
139
164
136
105
143
145
96
95
95
95
177
138
136
249
285
296
134
284
299
196
296
21
136
211
139
277
200
296
139
299
139
277
136
242
137
235
128
279
122
177
138
122
136
59
287
35
272
287
20
20
274
117
136
145
35
163
135
130
130
130
142
9
136
235
121
242
189
243
177
171
122
16
136
248
297
76
134
117
99
252
196
99
136
171
249
171
130
274
128
164
128
142
136
133
143
241
241
126
130
145
130
145
136
297
134
198
20
251
296
21
19
274
136
145
14
136
143
59
107
142
164
128
136
179
136
115
146
130
243
138
176
176
136
251
134
299
76
198
251
170
117
294
136
249
242
59
59
128
194
234
128
194
136
181
122
173
182
128
219
206
128
128
136
248
249
297
196
58
196
294
252
20
136
252
252
252
130
128
106
128
128
128
136
121
182
145
241
206
126
279
206
242
136
297
75
20
160
299
274
274
170
19
136
33
171
145
211
128
299
227
234
191
136
185
115
146
177
177
16
128
279
206
136
75
297
75
270
160
170
117
21
34
136
189
59
145
136
277
137
106
227
128
136
134
188
122
122
189
206
126
242
138
136
288
222
187
238
196
252
296
20
170
136
107
145
145
283
137
125
125
125
125
136
59
156
149
149
288
70
288
70
83
136
235
140
192
228
228
214
270
178
190
136
41
169
169
105
169
130
28
205
169
136
76
43
43
70
71
190
83
271
70
136
215
225
141
178
178
232
214
214
178
136
252
281
41
188
183
250
146
250
41
136
264
149
51
83
51
290
51
83
290
136
145
260
149
141
141
145
229
270
230
136
248
41
294
265
130
169
205
22
40
136
277
51
156
273
149
51
70
288
288
136
188
141
232
32
33
243
178
161
214
136
248
235
185
169
41
219
250
193
128
136
270
227
273
51
291
288
290
290
145
136
32
220
190
145
214
141
190
155
161
136
169
183
183
281
268
196
169
169
104
136
149
264
37
235
83
37
190
145
271
136
134
32
228
149
270
178
141
141
141
136
234
189
209
281
234
219
41
74
294
136
235
284
251
227
273
271
37
192
136
136
228
228
178
214
225
190
32
229
220
136
234
268
281
183
205
41
128
128
183
136
39
247
227
290
34
137
271
51
37
136
146
191
214
130
242
32
221
220
230
136
252
130
175
107
171
205
190
128
128
136
76
251
235
258
252
130
235
78
86
136
241
175
225
225
32
230
232
230
36
136
145
209
130
171
235
209
242
145
205
136
41
291
190
39
190
137
27
34
51
136
214
214
145
232
145
107
167
130
33
136
234
130
137
130
182
74
210
41
219
136
76
39
220
288
39
192
235
37
97
136
146
178
146
32
232
219
225
167
167
136
234
189
191
130
130
249
39
242
234
136
186
59
291
104
242
75
75
192
175
136
280
32
140
109
107
230
110
33
145
136
146
130
181
181
149
130
183
234
146
136
39
75
98
252
41
83
145
97
193
136
191
220
105
185
130
33
36
145
130
136
183
219
235
145
130
175
128
183
179
136
185
146
47
190
98
227
192
27
27
136
149
78
185
242
167
167
145
36
174
136
251
189
145
171
145
180
175
219
60
136
146
186
41
75
251
16
227
146
75
136
146
220
145
189
193
130
33
42
105
136
249
179
130
115
191
190
219
179
250
136
75
47
288
171
235
97
97
75
34
136
136
190
32
167
78
109
220
103
110
136
221
130
107
146
299
44
180
210
210
136
137
234
59
234
234
222
39
249
31
136
182
59
59
136
136
235
145
130
59
136
175
238
235
59
47
47
130
53
261
136
185
234
242
189
78
180
189
242
175
136
221
191
294
112
292
191
241
107
137
136
242
59
220
47
172
53
47
130
58
136
235
238
218
146
246
175
222
242
263
136
282
252
190
136
59
107
112
143
241
136
59
191
136
241
172
58
53
137
234
136
242
249
175
189
175
137
129
189
146
136
221
249
249
269
112
130
241
106
220
136
59
139
223
222
189
146
219
47
298
136
175
242
249
249
78
245
234
266
234
136
189
191
107
108
249
128
128
155
220
136
188
242
223
146
222
136
261
59
222
136
248
249
258
131
189
257
132
249
222
136
136
269
235
109
136
112
107
107
130
136
252
252
165
189
59
139
235
261
4
136
59
145
234
240
257
132
136
31
132
136
200
249
107
18
241
245
235
245
107
136
40
223
238
114
53
219
249
131
145
136
235
242
234
182
189
189
222
222
249
136
78
297
143
107
190
87
269
107
18
136
251
59
235
220
119
276
136
235
130
136
188
234
218
218
234
222
222
131
129
136
136
146
109
130
118
191
245
18
155
136
59
59
241
262
261
59
58
186
131
136
257
40
234
234
128
158
78
263
136
136
134
130
118
118
130
241
118
110
94
136
239
241
60
190
222
131
4
242
47
136
294
234
219
257
158
145
266
242
222
136
185
191
199
235
235
110
110
118
245
136
239
241
262
219
276
262
131
145
134
136
137
191
234
222
175
180
158
222
30
136
270
244
292
107
269
118
292
107
87
136
239
157
53
217
146
296
14
119
119
136
138
75
75
166
175
129
136
129
158
136
189
120
299
244
217
270
87
241
220
136
239
294
217
235
296
5
242
296
296
136
249
242
222
31
222
30
31
45
189
136
59
219
174
292
38
18
299
299
110
136
165
146
223
5
5
59
296
4
173
136
137
165
215
30
30
175
30
30
297
136
189
282
130
245
18
299
191
292
118
136
294
173
223
189
222
222
145
14
173
136
76
294
225
247
31
31
263
158
45
136
252
106
219
182
110
292
18
87
296
136
59
175
39
173
59
59
139
58
130
136
221
136
136
146
187
45
136
223
188
136
188
22
22
224
145
42
46
237
46
136
59
246
240
179
172
179
235
220
246
136
224
182
45
191
146
115
247
57
172
136
269
42
245
233
249
137
274
235
69
136
47
145
145
188
241
47
242
47
171
136
235
136
59
189
221
172
173
59
47
136
59
251
64
22
59
267
128
145
145
136
235
47
145
44
44
188
171
249
187
136
136
110
235
136
179
188
54
221
173
136
249
108
172
219
189
46
175
113
237
136
145
242
146
251
145
189
249
45
47
136
136
222
59
106
54
223
45
173
38
136
32
219
219
175
42
176
14
46
113
136
240
107
47
47
185
187
47
171
132
136
146
106
182
59
112
230
59
221
109
136
224
68
182
237
45
274
237
15
15
136
107
145
74
47
47
219
44
249
44
136
59
145
146
221
237
54
187
130
223
136
50
35
68
50
52
224
242
69
115
136
238
234
191
186
47
220
249
222
246
136
110
277
191
23
136
109
223
39
225
136
269
59
134
188
50
251
224
272
188
136
222
124
234
222
249
185
45
136
249
136
146
106
298
191
45
130
160
180
19
136
76
134
224
175
272
128
171
14
224
136
145
47
279
185
189
241
222
187
45
136
175
107
78
45
275
107
180
175
108
136
162
188
251
14
69
91
7
188
207
136
130
252
124
219
179
44
187
248
124
136
242
136
172
54
110
110
27
19
130
136
32
182
52
245
224
69
207
27
216
136
249
237
185
115
2
1
194
15
220
136
244
107
191
276
12
108
237
108
29
136
240
221
14
68
237
207
27
224
272
136
144
237
47
145
220
47
193
1
220
136
106
269
276
110
189
12
221
160
181
136
108
245
13
42
13
27
69
207
91
136
252
137
179
124
187
249
1
124
15
136
45
45
175
108
247
179
12
27
216
136
13
283
127
52
104
216
15
216
8
136
130
188
145
2
124
194
124
44
194
136
137
247
185
179
187
275
110
104
137
136
219
64
42
13
42
237
216
34
34
136
74
242
180
189
194
249
220
194
1
136
146
298
136
16
23
298
108
12
12
136
76
13
16
104
91
7
34
8
27
136
235
186
194
194
191
124
100
100
11
136
235
53
145
132
235
107
39
219
146
136
104
249
44
243
193
238
172
238
59
136
249
47
182
249
189
213
43
45
49
136
251
39
249
222
146
144
38
145
53
136
172
110
133
219
242
172
213
190
213
136
234
189
43
57
182
45
17
213
46
136
235
59
41
42
39
132
110
38
55
136
249
145
137
191
219
107
219
219
146
136
171
189
106
107
17
160
15
49
213
136
243
241
235
145
55
175
137
130
191
136
15
188
145
145
297
123
238
172
146
136
268
74
235
235
234
249
45
15
220
136
258
191
248
235
222
146
59
132
219
136
235
137
145
258
123
219
44
244
123
136
234
189
45
220
57
46
188
188
235
136
219
240
222
39
115
238
130
109
207
136
280
136
280
283
29
217
219
29
84
136
260
222
213
249
45
175
113
113
90
136
185
41
245
192
145
55
242
173
45
136
39
242
242
242
111
242
84
163
172
136
219
115
234
190
49
43
220
23
45
136
185
59
39
191
130
89
55
132
38
136
176
242
297
217
48
29
242
123
244
136
59
268
268
160
55
15
49
59
43
136
133
235
221
132
74
74
234
145
89
136
135
28
111
145
27
217
27
48
48
136
242
107
55
43
220
57
57
220
155
136
185
75
55
38
222
137
130
89
130
136
294
135
29
87
172
26
163
84
297
136
234
160
57
49
43
189
17
43
40
136
75
248
195
146
106
38
192
59
219
136
134
39
26
26
26
27
29
29
163
136
137
189
220
112
75
207
190
90
226
136
35
191
93
89
3
219
31
55
223
136
145
280
238
238
217
44
297
184
29
136
234
191
160
182
191
195
234
57
57
136
74
235
39
55
31
203
75
75
28
136
146
258
249
11
238
297
123
297
29
136
234
115
106
213
213
49
213
159
190
136
185
42
222
242
201
192
145
203
93
136
188
15
297
215
217
219
111
213
111
136
240
193
133
92
195
113
160
226
92
136
243
201
75
93
192
31
93
16
75
136
270
172
223
111
45
48
189
219
242
136
249
173
204
55
159
226
226
242
15
136
202
251
89
75
31
75
89
31
31
136
133
185
243
219
219
111
296
242
192
136
234
204
221
225
92
92
92
92
159
136
240
288
134
57
134
77
241
6
38
136
267
59
175
56
65
235
197
149
175
136
241
249
175
39
40
168
168
168
278
136
189
265
62
62
78
67
241
77
137
136
222
254
198
172
198
65
88
197
189
136
232
231
24
128
236
39
293
136
175
136
242
39
288
63
66
189
188
264
137
136
258
254
175
17
255
208
198
88
143
136
168
235
252
146
39
236
39
293
39
136
135
62
74
39
63
137
6
66
247
136
154
247
254
175
136
59
255
198
253
136
235
259
145
24
153
259
39
209
236
136
185
53
221
265
189
62
66
188
67
136
267
189
56
235
175
56
72
246
88
136
219
135
146
154
24
243
175
50
130
136
242
78
63
137
137
63
59
128
223
136
136
175
198
59
59
208
235
175
132
136
259
168
231
252
168
24
130
40
168
136
189
223
180
223
38
175
240
247
137
136
252
59
175
198
175
297
249
253
56
136
242
171
259
168
105
219
153
236
136
136
115
189
189
251
251
223
235
223
188
136
247
198
59
255
235
128
235
209
246
136
39
46
191
40
235
249
241
130
39
136
78
59
180
235
62
172
77
107
77
136
232
251
175
59
56
23
224
56
197
136
146
172
168
235
22
175
209
153
219
136
137
251
188
66
188
175
235
249
249
136
106
59
180
224
238
224
56
45
269
136
242
219
242
222
175
39
25
241
189
136
233
59
10
78
175
188
59
38
188
136
249
133
59
136
191
238
297
14
224
136
251
219
221
245
146
128
236
175
293
136
185
10
185
189
10
243
249
39
85
136
133
175
59
191
224
249
189
220
242
136
251
59
219
251
146
293
201
201
128
136
146
269
76
249
223
134
39
85
38
136
219
224
174
23
72
209
47
242
72
136
241
234
221
259
191
153
241
128
137
136
187
187
189
185
185
10
10
61
6
136
175
180
174
297
297
59
134
242
53
136
242
242
40
235
293
137
128
220
50
136
242
73
73
59
172
175
175
137
61
136
136
189
224
72
242
72
128
297
190
136
242
39
191
146
146
145
50
278
99
136
188
76
59
10
175
38
61
137
116
136
235
258
297
189
23
242
182
72
297
136
249
185
39
219
259
22
130
39
201
