182
357
40
7
8
361
41
10
1
13
182
30
168
28
40
41
377
35
90
90
182
33
46
49
37
30
166
234
234
39
182
271
288
48
48
7
49
1
13
44
182
41
30
30
113
90
29
28
41
377
182
27
234
40
234
38
38
48
393
40
182
16
147
359
228
48
1
196
18
13
182
168
41
41
41
28
28
41
35
41
182
38
40
234
30
361
37
39
38
234
182
3
2
44
2
1
7
19
13
1
182
378
29
345
166
115
41
280
28
35
182
48
195
30
38
65
38
38
41
48
182
48
7
2
171
88
48
88
48
18
182
130
28
29
35
35
87
90
115
28
182
230
359
393
166
37
48
40
30
89
182
226
164
164
48
40
18
359
49
383
182
36
240
86
40
244
245
377
77
135
182
40
46
30
65
235
234
393
348
40
182
157
157
156
148
147
188
48
156
157
182
22
378
100
87
378
90
77
377
115
182
348
30
65
348
37
66
89
38
66
182
140
187
138
156
156
156
156
383
40
182
139
86
115
135
345
109
375
115
244
182
323
49
318
41
118
39
384
39
315
182
324
288
188
325
315
89
383
59
88
182
275
364
246
247
340
145
145
167
73
182
33
248
360
196
197
269
260
217
393
182
204
48
288
325
269
383
187
88
316
182
31
130
378
377
87
77
378
376
77
182
269
191
279
197
168
197
68
197
269
182
208
201
325
288
122
275
200
279
276
182
135
113
377
144
278
115
244
278
168
182
200
315
197
197
269
211
198
66
197
182
277
331
194
331
331
324
59
122
109
182
314
377
135
137
377
282
99
72
115
182
324
197
187
197
208
370
199
282
370
182
189
64
139
277
275
330
295
294
277
182
379
139
78
376
98
375
109
115
144
182
139
139
383
280
197
282
208
198
293
182
64
139
269
269
295
122
318
380
197
182
112
376
120
78
109
167
167
99
320
182
240
207
325
360
282
384
370
199
199
182
328
277
191
383
383
304
294
318
312
182
376
112
376
269
77
98
87
244
376
182
207
187
277
197
389
269
276
370
197
182
139
188
63
63
324
312
122
280
59
182
364
276
241
99
376
378
115
144
99
182
276
202
197
132
194
280
320
292
292
182
192
24
233
230
362
23
362
23
268
182
203
128
248
259
259
38
228
379
233
182
256
124
124
202
124
203
110
398
36
182
369
268
268
23
23
233
268
346
23
182
26
250
20
379
379
12
37
37
379
182
40
397
256
233
329
387
197
387
43
182
45
233
351
268
351
367
353
268
366
182
129
349
276
20
20
361
265
228
263
182
323
256
150
266
326
124
397
108
193
182
346
351
23
347
233
353
23
362
362
182
270
20
12
262
246
360
379
4
37
182
197
197
194
124
256
208
387
304
296
182
176
370
347
351
368
362
340
366
233
182
246
272
326
326
38
20
253
313
84
182
149
203
329
150
150
108
124
149
304
182
233
230
284
187
268
295
233
42
346
182
140
262
259
326
204
379
21
50
50
182
194
191
229
397
233
197
95
275
116
182
217
348
314
370
347
346
271
266
218
182
259
259
138
31
241
204
241
265
288
182
229
38
397
329
397
382
269
217
184
182
331
363
370
367
370
216
346
353
320
182
322
228
31
208
187
241
277
288
263
182
146
328
216
229
331
397
304
269
197
182
363
331
324
314
264
203
197
326
261
182
284
272
257
241
279
264
5
256
197
182
331
229
269
331
197
325
331
325
398
182
264
116
194
203
197
197
311
370
353
182
130
31
140
12
361
293
70
279
239
182
197
191
330
197
329
197
229
95
197
182
370
194
329
363
194
264
331
281
395
182
177
377
209
241
12
197
241
70
70
182
197
197
326
275
197
197
194
197
331
182
295
275
367
287
197
376
376
264
274
182
278
241
71
280
282
241
276
239
331
182
194
269
327
328
353
269
325
211
331
182
327
376
314
264
376
267
331
395
264
182
327
194
197
326
312
239
328
204
276
182
282
197
194
206
282
326
326
184
287
182
276
208
264
197
287
370
264
311
292
182
275
329
326
187
70
70
331
269
376
182
194
276
327
197
327
328
326
208
228
182
220
328
376
376
209
282
370
282
376
182
275
194
188
276
279
277
239
256
312
182
327
328
276
277
312
274
208
328
386
182
376
264
363
331
330
395
395
376
370
182
331
277
241
71
331
275
288
279
279
182
282
331
326
194
327
316
291
396
396
182
331
205
208
211
197
216
203
208
138
182
331
197
197
325
325
331
329
274
280
182
217
329
197
207
197
211
325
331
208
182
331
208
197
331
276
205
330
269
269
182
331
331
138
325
337
197
331
275
208
182
179
197
316
331
288
331
203
197
197
182
331
208
220
191
331
272
205
218
91
182
342
117
331
331
275
269
288
186
216
182
331
329
276
208
208
269
331
329
331
182
329
201
208
207
275
331
223
325
331
182
380
207
326
293
325
331
269
188
208
182
208
25
197
331
208
281
211
211
249
182
207
197
329
211
326
331
275
143
328
182
329
331
325
137
326
218
282
390
326
182
331
331
194
197
220
216
208
331
275
182
176
329
29
275
205
91
276
205
216
182
331
391
331
331
276
187
208
282
274
182
319
319
25
187
329
60
269
199
94
182
207
221
329
207
91
296
204
125
331
182
270
331
275
381
216
326
197
304
282
182
197
189
329
25
211
325
209
325
326
182
329
326
329
194
330
330
288
205
205
182
208
137
203
276
282
355
391
296
381
182
331
187
331
219
47
393
331
197
325
182
207
217
220
220
205
205
216
197
223
182
211
275
326
326
68
269
274
381
390
182
200
275
207
199
199
331
325
211
325
182
34
126
205
205
206
57
205
91
218
182
138
326
63
72
326
197
67
304
336
182
226
275
101
275
331
315
93
139
211
182
151
207
331
91
57
324
130
331
205
182
274
276
123
326
194
274
274
67
288
182
179
199
199
194
290
199
209
197
364
182
194
273
205
276
331
139
54
216
153
182
274
326
338
273
295
69
335
282
371
182
191
101
208
121
325
114
290
73
59
182
105
376
376
75
211
223
288
223
55
182
331
106
281
318
109
391
371
216
329
182
238
121
121
197
114
183
139
114
114
182
194
326
277
376
216
153
376
203
325
182
331
274
287
337
327
381
115
135
304
182
47
194
331
183
184
211
114
93
326
182
194
62
81
153
153
276
153
153
143
182
276
343
326
301
381
135
275
335
68
182
117
276
197
331
194
325
325
290
188
182
377
154
153
205
376
376
91
54
203
182
117
270
211
281
304
337
381
371
115
182
207
277
197
207
211
206
76
185
197
182
138
331
197
197
275
197
216
275
197
182
331
126
125
136
197
267
207
350
208
182
197
329
331
325
197
288
197
211
205
182
278
197
197
276
197
326
197
197
197
182
177
260
319
178
103
194
316
197
51
182
194
331
329
197
205
197
211
269
194
182
197
197
282
276
262
288
197
197
269
182
304
331
61
125
211
32
331
203
187
182
191
197
207
325
197
197
326
288
275
182
329
274
326
197
328
197
285
208
197
182
197
169
331
197
329
211
197
230
350
182
331
197
331
197
197
274
205
203
269
182
197
324
326
197
285
331
272
197
211
182
243
193
197
329
125
208
279
208
203
182
331
331
197
325
197
276
269
203
275
182
203
326
274
288
197
262
197
262
274
182
134
96
331
350
331
347
350
39
41
182
331
329
187
197
197
197
197
275
269
182
331
326
197
274
208
285
279
216
186
182
61
241
96
64
388
136
197
51
197
182
352
331
329
275
288
331
207
207
288
182
274
278
324
382
331
273
197
197
262
182
274
193
139
331
76
274
378
316
197
182
191
281
276
331
197
208
329
197
275
182
224
181
152
276
197
203
80
288
304
182
377
139
137
329
347
331
195
277
141
182
178
187
165
276
331
205
207
276
204
182
191
269
318
197
389
282
288
197
171
182
134
211
331
279
53
310
173
197
302
182
211
376
309
205
288
208
276
195
358
182
326
331
34
285
328
304
400
304
275
182
256
326
388
316
136
52
302
354
80
182
191
292
276
276
333
334
373
299
208
182
322
191
276
279
315
318
272
171
401
182
225
137
312
97
350
302
354
141
347
182
276
354
288
197
274
187
299
332
205
182
141
211
393
303
207
315
262
72
291
182
170
316
394
376
394
354
52
302
310
182
383
220
331
309
277
206
332
309
299
182
210
331
211
318
188
328
385
400
80
182
352
339
175
388
173
80
151
80
174
182
191
276
328
372
309
373
309
269
373
182
191
326
197
326
316
389
304
304
325
182
191
61
376
394
376
350
80
376
376
182
191
331
329
331
376
331
329
376
332
182
331
152
326
303
71
71
171
385
385
182
139
394
350
173
310
173
376
173
354
182
204
277
376
376
276
309
394
394
394
182
211
197
331
207
324
316
276
176
329
182
320
331
197
197
326
208
216
211
197
182
221
208
295
272
331
130
248
272
341
182
288
269
202
208
208
316
331
197
219
182
210
320
326
331
141
331
103
316
103
182
331
207
208
103
281
272
293
129
210
182
200
207
376
376
331
208
325
187
188
182
210
206
331
331
331
331
211
208
194
182
211
331
329
328
269
74
294
356
131
182
194
197
217
326
324
325
288
188
329
182
317
331
331
331
82
213
211
216
197
182
354
102
197
207
326
211
272
294
205
182
138
203
181
269
207
208
328
203
176
182
330
275
197
133
213
331
293
312
213
182
269
188
187
199
102
208
203
187
197
182
203
216
211
331
207
208
216
325
316
182
164
353
344
83
308
341
331
401
172
182
89
211
205
329
272
197
330
187
356
182
276
376
326
242
176
197
205
326
329
182
321
209
141
141
269
31
306
341
216
182
211
331
329
331
307
248
329
257
272
182
331
194
197
326
324
254
325
218
197
182
364
137
364
364
107
307
141
213
312
182
282
354
360
74
325
281
356
219
326
182
326
200
276
316
331
208
211
326
254
182
227
303
197
331
401
364
401
107
107
182
331
276
186
329
199
102
102
130
197
182
331
382
325
326
207
194
325
251
188
182
104
296
354
307
331
306
341
305
155
182
331
74
103
365
326
328
288
248
256
182
382
195
262
207
324
197
241
219
187
182
134
318
318
306
305
401
311
311
341
182
331
331
208
275
127
325
256
357
127
182
261
326
107
252
254
205
376
272
218
182
210
164
220
211
117
277
155
280
401
182
331
274
74
279
326
241
274
102
102
182
330
282
331
324
376
107
376
376
257
182
201
104
331
344
208
78
283
155
312
182
211
199
274
119
119
365
130
75
304
182
276
255
207
276
107
241
331
107
107
182
331
317
83
364
341
331
282
178
282
182
141
304
330
399
279
325
74
127
399
182
211
107
376
107
241
376
107
257
376
182
304
321
277
282
197
107
326
197
137
182
331
186
399
288
77
127
127
363
300
182
374
197
255
376
376
376
253
376
376
182
327
277
194
194
331
282
107
137
316
182
208
399
197
262
399
399
399
399
75
182
192
180
182
195
178
214
211
176
288
182
30
197
216
17
31
197
32
230
272
182
378
182
181
329
284
17
17
9
163
182
331
208
134
31
219
160
212
215
176
182
329
17
187
202
202
31
225
32
328
182
15
6
392
316
224
329
111
197
329
182
180
203
180
232
158
176
331
42
212
182
85
16
210
203
10
275
187
258
197
182
17
220
319
269
329
222
204
117
197
182
179
30
195
211
232
212
176
161
219
182
17
204
16
210
329
187
10
187
10
182
188
14
230
392
56
59
275
280
222
182
331
217
190
233
205
142
160
203
162
182
30
270
17
282
207
17
297
208
258
182
325
227
197
6
392
269
204
76
197
182
210
275
232
212
212
220
218
176
187
182
197
202
33
218
218
10
197
186
269
182
15
17
6
125
17
163
197
288
9
182
331
190
194
197
209
211
217
219
275
182
327
201
282
225
187
79
208
11
17
182
216
194
92
17
288
209
68
222
197
182
331
331
331
178
216
193
275
189
264
182
315
33
197
10
197
269
188
326
208
182
330
286
325
277
288
288
326
197
272
182
330
197
329
197
141
326
214
187
214
182
13
277
204
216
17
316
304
17
128
182
322
377
17
326
125
204
280
67
197
182
330
326
224
159
298
331
331
178
178
182
197
197
274
315
187
304
17
208
315
182
194
194
325
276
331
194
163
197
282
182
194
197
315
281
331
193
324
331
298
182
211
269
208
216
197
187
79
315
315
182
204
220
138
331
197
288
222
197
111
182
236
301
197
275
315
197
178
209
274
182
279
201
216
197
315
277
274
329
211
182
331
197
206
288
208
373
107
107
319
182
237
281
329
329
197
178
209
300
194
182
208
274
321
301
297
304
261
205
297
182
324
324
269
58
194
56
197
288
197
182
326
276
276
331
331
315
303
62
289
182
326
314
276
79
79
219
139
303
325
182
194
194
269
269
121
197
316
280
76
182
194
231
231
221
326
187
331
274
62
182
326
325
304
275
274
297
197
79
274
182
220
331
331
197
197
325
76
163
77
182
330
197
201
304
331
178
62
331
289
182
207
79
79
325
301
139
314
297
79
182
330
330
203
206
58
376
280
207
107
