95
191
83
104
104
148
113
104
67
144
95
178
188
194
194
178
119
196
175
175
95
168
115
97
147
97
186
101
101
97
95
66
100
96
113
104
148
67
144
148
95
178
112
197
201
175
196
194
178
137
95
113
102
138
101
77
97
97
5
112
95
103
51
148
148
96
68
92
52
99
95
191
176
178
178
194
194
138
196
178
95
138
138
101
97
147
138
97
77
101
95
66
68
51
68
68
104
52
99
67
95
50
197
193
188
201
138
172
194
196
95
100
168
77
77
115
77
77
138
77
95
83
105
68
190
84
96
84
113
52
95
171
194
196
197
196
80
175
200
194
95
100
147
200
193
147
83
118
97
110
95
51
190
190
96
113
52
147
147
123
95
41
188
194
112
12
12
137
66
94
95
138
138
97
115
101
101
5
185
97
95
200
200
63
53
53
92
96
63
63
95
178
172
176
80
50
175
66
137
201
95
193
97
115
193
138
114
97
97
114
95
71
99
100
63
63
63
63
123
96
95
171
194
200
94
193
202
136
200
12
95
147
97
188
138
200
97
202
97
188
95
168
95
164
90
190
84
123
96
84
95
37
195
21
185
195
11
11
186
80
95
100
21
113
95
92
92
92
98
5
95
164
83
168
131
169
123
119
84
9
95
171
201
50
94
80
66
172
136
66
95
119
171
119
92
186
90
114
90
98
95
94
99
168
168
88
92
100
92
100
95
201
94
137
11
172
200
12
10
186
95
100
8
95
99
37
71
98
114
90
95
124
95
78
100
92
169
96
122
122
95
172
94
202
50
137
172
118
80
199
95
171
168
37
37
90
135
164
90
135
95
125
84
120
126
90
153
143
90
90
95
171
171
201
136
36
136
199
172
11
95
172
172
172
92
90
71
90
90
90
95
83
126
100
168
143
88
190
143
168
95
201
49
11
110
202
186
186
118
10
95
20
119
100
147
90
202
158
164
133
95
128
78
100
123
123
9
90
190
143
95
49
201
49
183
110
118
80
12
21
95
131
37
100
95
188
95
71
158
90
95
94
130
84
84
131
143
88
168
96
95
195
154
129
166
136
172
200
11
118
95
71
100
100
193
95
87
87
87
87
95
37
108
103
103
195
46
195
46
54
95
164
97
134
159
159
150
183
123
132
95
24
118
118
71
118
92
16
142
118
95
50
25
25
46
46
132
54
184
46
95
150
157
97
123
123
162
150
150
123
95
172
191
24
130
127
172
100
172
24
95
180
103
31
54
31
197
31
54
197
95
100
178
103
97
97
100
160
183
160
95
171
24
199
180
92
118
142
13
23
95
188
31
108
185
103
31
46
195
195
95
130
97
162
20
20
169
123
111
150
95
171
164
128
118
24
153
172
134
90
95
183
158
185
31
197
195
197
197
100
95
20
154
132
100
150
97
132
107
111
95
118
127
127
191
182
136
118
118
70
95
103
180
23
164
54
23
132
100
184
95
94
20
159
103
183
123
97
97
97
95
164
131
145
191
164
153
24
48
199
95
164
193
172
158
185
184
23
134
95
95
159
159
123
150
157
132
20
160
154
95
164
182
191
127
142
24
90
90
127
95
23
170
158
197
21
95
184
31
23
95
100
133
150
92
168
20
154
154
160
95
172
92
121
71
119
142
132
90
90
95
50
172
164
176
172
92
164
50
56
95
168
121
157
157
20
160
162
160
22
95
100
145
92
119
164
145
168
100
142
95
24
197
132
23
132
95
15
21
31
95
150
150
100
162
100
71
116
92
20
95
164
92
95
92
126
48
146
24
153
95
50
23
154
195
23
134
164
23
64
95
100
123
100
20
162
153
157
116
116
95
164
131
133
92
92
171
23
168
164
95
129
37
197
70
168
49
49
134
121
95
191
20
97
73
71
160
74
20
100
95
100
92
125
125
103
92
127
164
100
95
23
49
65
172
24
54
100
64
134
95
133
154
71
128
92
20
22
100
92
95
127
153
164
100
92
121
90
127
124
95
128
100
28
132
65
158
134
15
15
95
103
50
128
168
116
116
100
22
121
95
172
131
100
119
100
125
121
153
38
95
100
129
24
49
172
9
158
100
49
95
100
154
100
131
134
92
20
24
71
95
171
124
92
78
133
132
153
124
172
95
49
28
195
119
164
64
64
49
21
95
95
132
20
116
50
73
154
69
74
95
154
92
71
100
202
26
125
146
146
95
95
164
37
164
164
154
23
171
19
95
126
37
37
95
95
164
100
92
37
95
121
166
164
37
28
28
92
32
179
95
128
164
168
131
50
125
131
168
121
95
154
133
199
76
198
133
168
71
95
95
168
37
154
28
119
32
28
92
36
95
164
166
153
100
170
121
154
168
180
95
192
172
132
95
37
71
76
99
168
95
37
133
95
168
119
36
32
95
164
95
168
171
121
131
121
95
91
131
100
95
154
171
171
183
76
92
168
71
154
95
37
97
155
154
131
100
153
28
202
95
121
168
171
171
50
169
164
181
164
95
131
133
71
72
171
90
90
107
154
95
130
168
155
100
154
95
179
37
154
95
171
171
176
93
131
176
93
171
154
95
95
183
164
73
95
76
71
71
92
95
172
172
115
131
37
97
164
179
2
95
37
100
164
167
176
93
95
19
93
95
138
171
71
10
168
169
164
169
71
95
23
155
166
77
32
153
171
93
100
95
164
168
164
126
131
131
154
154
171
95
50
201
99
71
132
57
183
71
10
95
172
37
164
154
82
188
95
164
92
95
130
164
153
153
164
154
154
93
91
95
95
100
73
92
81
133
169
10
107
95
37
37
168
179
179
37
36
129
93
95
176
23
164
164
90
109
50
180
95
95
94
92
81
81
92
168
81
74
62
95
167
168
38
132
154
93
2
168
28
95
199
164
153
176
109
100
181
168
154
95
128
133
138
164
164
74
74
81
169
95
167
168
179
153
188
179
93
100
94
95
95
133
164
154
121
125
109
154
18
95
183
169
198
71
183
81
198
71
57
95
167
108
32
152
100
200
8
82
82
95
96
49
49
115
121
91
95
91
109
95
131
83
202
169
152
183
57
168
154
95
167
199
152
164
200
3
168
200
200
95
171
168
154
19
154
18
19
27
131
95
37
153
121
198
23
10
202
202
74
95
115
100
155
3
3
37
200
2
120
95
95
115
150
18
18
121
18
18
201
95
131
192
92
169
10
202
133
198
81
95
199
120
155
131
154
154
100
8
120
95
50
199
157
170
19
19
180
109
27
95
172
71
153
126
74
198
10
57
200
95
37
121
23
120
37
37
97
36
92
95
154
95
95
100
129
27
95
155
130
95
130
13
13
156
100
24
28
166
28
95
37
170
167
124
119
124
164
154
170
95
156
126
27
133
100
78
170
35
119
95
183
24
169
163
171
95
186
164
45
95
28
100
100
130
168
28
168
28
119
95
164
95
37
131
154
119
120
37
28
95
37
172
41
13
37
181
90
100
100
95
164
28
100
26
26
130
119
171
129
95
95
74
164
95
124
130
33
154
120
95
171
72
119
153
131
28
121
76
166
95
100
168
100
172
100
131
171
27
28
95
95
154
37
71
33
155
27
120
23
95
20
153
153
121
24
122
8
28
76
95
167
71
28
28
128
129
28
119
93
95
100
71
126
37
76
160
37
154
73
95
156
44
126
166
27
186
166
8
8
95
71
100
48
28
28
153
26
171
26
95
37
100
100
154
166
33
129
92
155
95
30
21
44
30
32
156
168
45
78
95
166
164
133
129
28
154
171
154
170
95
74
188
133
13
95
73
155
23
157
95
183
37
94
130
30
172
156
185
130
95
154
86
164
154
171
128
27
95
171
95
100
71
202
133
27
92
110
125
10
95
50
94
156
121
185
90
119
8
156
95
100
28
190
128
131
168
154
129
27
95
121
71
50
27
187
71
125
121
72
95
112
130
172
8
45
60
4
130
143
95
92
172
86
153
124
26
129
171
86
95
168
95
119
33
74
74
15
10
92
95
20
126
32
169
156
45
143
15
151
95
171
166
128
78
1
1
135
8
154
95
169
71
133
188
6
72
166
72
17
95
167
154
8
44
166
143
15
156
185
95
99
166
28
100
154
28
134
1
154
95
71
183
188
74
131
6
154
110
125
95
72
169
7
24
7
15
45
143
60
95
172
95
124
86
129
171
1
86
8
95
27
27
121
72
170
124
6
15
151
95
7
193
89
32
70
151
8
151
4
95
92
130
100
1
86
135
86
26
135
95
95
170
128
124
129
187
74
70
95
95
153
41
24
7
24
166
151
21
21
95
48
168
125
131
135
171
154
135
1
95
100
202
95
9
13
202
72
6
6
95
50
7
9
70
60
4
21
4
15
95
164
129
135
135
133
86
66
66
6
95
164
32
100
93
164
71
23
153
100
95
70
171
26
169
134
166
119
166
37
95
171
28
126
171
131
149
25
27
29
95
172
23
171
154
100
99
23
100
32
95
119
74
94
153
168
119
149
132
149
95
164
131
25
35
126
27
10
149
28
95
164
37
24
24
23
93
74
23
33
95
171
100
95
133
153
71
153
153
100
95
119
131
71
71
10
110
8
29
149
95
169
168
164
100
33
121
95
92
133
95
8
130
100
100
201
85
166
119
100
95
182
48
164
164
164
171
27
8
154
95
176
133
171
164
154
100
37
93
153
95
164
95
100
176
85
153
26
169
85
95
164
131
27
154
35
28
130
130
164
95
153
167
154
23
78
166
92
73
143
95
191
95
191
193
17
152
153
17
55
95
178
154
149
171
27
121
76
76
59
95
128
24
169
134
100
33
168
120
27
95
23
168
168
168
75
168
55
113
119
95
153
78
164
132
29
25
154
13
27
95
128
37
23
133
92
58
33
93
23
95
122
168
201
152
29
17
168
85
169
95
37
182
182
110
33
8
29
37
25
95
94
164
154
93
48
48
164
100
58
95
95
16
75
100
15
152
15
29
29
95
168
71
33
25
154
35
35
154
107
95
128
49
33
23
154
95
92
58
92
95
199
95
17
57
119
15
113
55
201
95
164
110
35
29
25
131
10
25
23
95
49
171
136
100
71
23
134
37
153
95
94
23
15
15
15
15
17
17
113
95
95
131
154
76
49
143
132
59
158
95
21
133
61
58
1
153
19
33
155
95
100
191
166
166
152
26
201
127
17
95
164
133
110
126
133
136
164
35
35
95
48
164
23
33
19
140
49
49
16
95
100
176
171
6
166
201
85
201
17
95
164
78
71
149
149
29
149
110
132
95
128
24
154
168
139
134
100
140
61
95
130
8
201
150
152
153
75
149
75
95
167
134
94
61
136
76
110
158
61
95
169
139
49
61
134
19
61
9
49
95
183
119
155
75
27
29
131
153
168
95
171
120
141
33
110
158
158
168
8
95
139
172
58
49
19
49
58
19
19
95
94
128
169
153
153
75
200
168
134
95
164
141
154
157
61
61
61
61
110
95
167
195
94
35
94
50
168
3
23
95
181
37
121
34
41
164
137
103
121
95
168
171
121
23
23
117
117
117
189
95
131
180
39
39
50
43
168
50
95
95
154
174
137
119
137
41
58
137
131
95
162
161
14
90
165
23
199
95
121
95
168
23
195
40
42
131
130
180
95
95
176
174
121
10
174
144
137
58
99
95
117
164
172
100
23
165
23
199
23
95
95
39
48
23
40
95
3
42
170
95
106
170
174
121
95
37
174
137
173
95
164
177
100
14
106
177
23
145
165
95
128
32
154
180
131
39
42
130
43
95
181
131
34
164
121
34
47
170
58
95
153
95
100
106
14
169
121
30
92
95
168
50
40
95
95
40
37
90
155
95
95
121
137
37
37
144
164
121
93
95
177
117
161
172
117
14
92
23
117
95
131
155
125
155
23
121
167
170
95
95
172
37
121
137
121
201
171
173
34
95
168
119
177
117
71
153
106
165
95
95
78
131
131
172
172
155
164
155
130
95
170
137
37
174
164
90
164
145
170
95
23
28
133
23
164
171
168
92
23
95
50
37
125
164
39
119
50
71
50
95
162
172
121
37
34
13
156
34
137
95
100
119
117
164
13
121
145
106
153
95
95
172
130
42
130
121
164
171
171
95
71
37
125
156
166
156
34
27
183
95
168
153
168
154
121
23
14
168
131
95
163
37
5
50
121
130
37
23
130
95
171
94
37
95
133
166
201
8
156
95
172
153
154
169
100
90
165
121
199
95
128
5
128
131
5
169
171
23
56
95
94
121
37
133
156
171
131
154
168
95
172
37
153
172
100
199
139
139
90
95
100
183
50
171
155
94
23
56
23
95
153
156
121
13
47
145
28
168
47
95
168
164
154
177
133
106
168
90
95
95
129
129
131
128
128
5
5
39
3
95
121
125
121
201
201
37
94
168
32
95
168
168
23
164
199
95
90
154
30
95
168
48
48
37
119
121
121
95
39
95
95
131
156
47
168
47
90
201
132
95
168
23
133
100
100
100
30
189
66
95
130
50
37
5
121
23
39
95
79
95
164
176
201
131
13
168
126
47
201
95
171
128
23
153
177
13
92
23
139
