127
234
28
6
6
237
28
8
1
10
127
21
117
19
28
28
249
25
63
63
127
23
32
34
26
21
116
156
156
27
127
182
191
33
33
6
34
1
10
30
127
28
21
21
80
63
20
19
28
249
127
18
156
28
156
26
26
33
261
28
127
12
102
235
152
33
1
135
13
10
127
117
28
28
28
19
19
28
25
28
127
26
28
156
21
237
26
27
26
156
127
3
2
30
2
1
6
13
10
1
127
250
20
224
116
82
28
187
19
25
127
33
134
21
26
47
26
26
28
33
127
33
6
2
120
62
33
62
33
13
127
92
19
20
25
25
61
63
82
19
127
152
235
261
116
26
33
28
21
62
127
150
115
115
33
28
13
235
34
252
127
26
161
61
28
163
163
249
54
96
127
28
32
21
47
157
156
261
227
28
127
109
109
109
103
102
131
33
109
109
127
15
250
71
61
250
63
54
249
82
127
227
21
47
227
26
48
62
26
48
127
98
130
97
109
109
109
109
252
28
127
97
61
82
96
224
78
247
82
163
127
210
34
207
28
84
27
253
27
206
127
211
191
131
211
206
62
252
43
62
127
184
239
164
164
220
101
101
117
52
127
23
165
236
135
135
181
174
144
261
127
138
33
191
211
181
252
130
62
206
127
22
92
250
249
61
54
250
248
54
127
181
133
186
135
117
135
49
135
181
127
140
137
211
191
87
184
137
186
184
127
96
80
249
100
186
82
163
186
117
127
137
206
135
135
181
140
136
48
135
127
185
214
133
214
214
211
43
87
78
127
205
249
96
96
249
188
71
52
82
127
211
135
130
135
140
243
136
188
243
127
132
46
97
185
184
214
194
194
185
127
250
97
54
248
70
247
78
82
100
127
97
97
252
187
135
188
140
136
193
127
46
97
181
181
194
87
207
250
135
127
80
248
85
54
78
117
117
71
208
127
161
140
211
236
188
253
243
136
136
127
212
185
133
252
252
199
194
207
203
127
248
80
248
181
54
70
61
163
248
127
140
130
185
135
257
181
184
243
135
127
97
131
46
46
211
203
87
187
43
127
239
184
162
71
248
250
82
100
71
127
184
138
135
94
133
187
208
193
193
127
133
16
155
152
238
16
238
16
180
127
138
91
165
173
173
26
152
250
155
127
171
88
88
138
88
138
78
266
26
127
242
180
180
16
16
155
180
225
16
127
17
166
14
250
250
9
26
26
250
127
28
265
171
155
213
255
135
255
29
127
31
155
230
180
230
241
232
180
241
127
92
228
184
14
14
237
178
152
177
127
210
171
104
178
212
88
265
77
133
127
225
230
16
226
155
232
16
238
238
127
181
14
9
176
164
236
250
4
26
127
135
135
133
88
171
140
255
199
195
127
124
243
226
230
241
238
220
241
155
127
164
182
212
212
26
14
169
204
59
127
104
138
213
104
104
77
88
104
199
127
155
152
189
130
180
194
155
29
225
127
98
176
173
212
138
250
14
35
35
127
133
133
152
265
155
135
68
184
83
127
144
227
205
243
226
225
182
178
145
127
173
173
97
22
162
138
162
178
191
127
152
26
265
213
265
252
181
144
128
127
214
238
243
241
243
144
225
232
208
127
210
152
22
140
130
162
185
191
177
127
101
212
144
152
214
265
199
181
135
127
238
214
211
205
177
138
135
212
175
127
189
182
171
162
186
177
4
171
135
127
214
152
181
214
135
211
214
211
266
127
177
83
133
138
135
135
203
243
232
127
92
22
98
9
237
193
50
186
160
127
135
133
214
135
213
135
152
68
135
127
243
133
213
238
133
177
214
187
263
127
124
249
140
162
9
135
162
50
50
127
135
135
212
184
135
135
133
135
214
127
194
184
241
190
135
248
248
177
183
127
186
162
51
187
188
162
184
160
214
127
133
181
212
212
232
181
211
140
214
127
212
248
205
177
248
179
214
263
177
127
212
133
135
212
203
160
212
138
184
127
188
135
133
139
188
212
212
128
190
127
184
140
177
135
190
243
177
203
193
127
184
213
212
130
50
50
214
181
248
127
133
184
212
135
212
212
212
140
152
127
146
212
248
248
140
188
243
188
248
127
184
133
131
184
186
185
160
171
203
127
212
212
184
185
203
183
140
212
254
127
248
177
238
214
214
263
263
248
243
127
214
185
162
51
214
184
191
186
186
127
188
214
212
133
212
206
192
264
264
127
214
139
140
140
135
144
138
140
97
127
214
135
135
211
211
214
213
183
187
127
144
213
135
140
135
140
211
214
140
127
214
140
135
214
184
139
214
181
181
127
214
214
97
211
218
135
214
184
140
127
125
135
206
214
191
214
138
135
135
127
214
140
146
133
214
182
139
145
64
127
222
84
214
214
184
181
191
130
144
127
214
213
184
140
140
181
214
213
214
127
213
137
140
140
184
214
148
211
214
127
250
140
212
193
211
214
181
131
140
127
140
17
135
214
140
187
140
140
165
127
140
135
213
140
212
214
184
99
212
127
213
214
211
96
212
145
188
258
212
127
214
214
133
135
146
144
140
214
184
127
124
213
20
184
139
64
184
139
144
127
214
259
214
214
184
130
140
188
183
127
208
208
17
130
213
43
181
136
67
127
140
146
213
140
64
195
138
89
214
127
181
214
184
251
144
212
135
199
188
127
135
132
213
17
140
211
140
211
212
127
213
212
213
133
214
214
191
139
139
127
140
96
138
184
188
232
259
195
251
127
214
130
214
145
33
261
214
135
211
127
140
144
146
146
139
139
144
135
148
127
140
184
212
212
49
181
183
251
258
127
137
184
140
136
136
214
211
140
211
127
24
89
139
139
139
41
139
64
145
127
97
212
46
52
212
135
49
199
217
127
150
184
72
184
214
206
66
97
140
127
105
140
214
64
41
211
92
214
139
127
183
184
87
212
133
183
183
49
191
127
125
136
136
133
192
136
140
135
239
127
133
183
139
184
214
97
39
144
106
127
183
212
219
183
194
49
217
188
244
127
133
72
140
86
211
81
192
52
43
127
75
248
248
53
140
148
191
148
39
127
214
75
187
207
78
259
244
144
213
127
159
86
86
135
81
128
97
81
81
127
133
212
185
248
144
106
248
138
211
127
214
183
190
218
212
251
82
96
199
127
33
133
214
128
128
140
81
66
212
127
133
45
57
106
106
184
106
106
99
127
184
222
212
197
251
96
184
217
49
127
84
184
135
214
133
211
211
192
131
127
249
107
106
139
248
248
64
39
138
127
84
181
140
187
199
218
251
244
82
127
140
185
135
140
140
139
53
129
135
127
97
214
135
135
184
135
144
184
135
127
214
89
89
96
135
179
140
229
140
127
135
213
214
211
135
191
135
140
139
127
186
135
135
184
135
212
135
135
135
127
124
174
208
124
73
133
206
135
36
127
133
214
213
135
139
135
140
181
133
127
135
135
188
184
176
191
135
135
181
127
199
214
44
89
140
22
214
138
130
127
133
135
140
211
135
135
212
191
184
127
213
183
212
135
212
135
189
140
135
127
135
118
214
135
213
140
135
152
229
127
214
135
214
135
135
183
139
138
181
127
135
211
212
135
189
214
182
135
140
127
162
133
135
213
89
140
186
140
138
127
214
214
135
211
135
184
181
138
184
127
138
212
183
191
135
176
135
176
183
127
95
69
214
229
214
226
229
27
28
127
214
213
130
135
135
135
135
184
181
127
214
212
135
183
140
189
186
144
130
127
44
162
69
46
256
96
135
36
135
127
231
214
213
184
191
214
140
140
191
127
183
186
211
252
214
183
135
135
176
127
183
133
97
214
53
183
250
206
135
127
133
187
184
214
135
140
213
135
184
127
149
127
105
184
135
138
56
191
199
127
249
97
96
213
226
214
134
185
98
127
124
130
115
184
214
139
140
184
138
127
133
181
207
135
257
188
191
135
120
127
95
140
214
186
38
203
122
135
198
127
140
248
202
139
191
140
184
134
234
127
212
214
24
189
212
199
268
199
184
127
171
212
256
206
96
37
198
232
56
127
133
193
184
184
216
216
246
197
140
127
210
133
184
186
206
207
182
120
269
127
150
96
203
69
229
198
232
98
226
127
184
232
191
135
183
130
197
215
139
127
98
140
261
199
140
206
176
52
192
127
119
206
262
248
262
232
37
198
203
127
252
146
214
202
185
139
215
202
197
127
140
214
140
207
131
212
254
268
56
127
231
219
123
256
122
56
105
56
122
127
133
184
212
245
202
246
202
181
246
127
133
212
135
212
206
257
199
199
211
127
133
44
248
262
248
229
56
248
248
127
133
214
213
214
248
214
213
248
215
127
214
105
212
199
51
51
120
254
254
127
97
262
229
122
203
122
248
122
232
127
138
185
248
248
184
202
262
262
262
127
140
135
214
140
211
206
184
124
213
127
208
214
135
135
212
140
144
140
135
127
146
140
194
182
214
92
165
182
221
127
191
181
138
140
140
206
214
135
145
127
140
208
212
214
98
214
73
206
73
127
214
140
140
73
187
182
193
92
140
127
137
140
248
248
214
140
211
130
131
127
140
139
214
214
214
214
140
140
133
127
140
214
213
212
181
53
194
233
93
127
133
135
144
212
211
211
191
131
213
127
207
214
214
214
57
142
140
144
135
127
232
73
135
140
212
140
182
194
139
127
97
138
127
181
140
140
212
138
124
127
214
184
135
94
142
214
193
203
142
127
181
131
130
136
73
140
138
130
135
127
138
144
140
214
140
140
144
211
206
127
115
232
223
58
201
221
214
269
121
127
62
140
139
213
182
135
214
130
233
127
184
248
212
162
124
135
139
212
213
127
209
140
98
98
181
22
200
221
144
127
140
214
213
214
201
165
213
171
182
127
214
133
135
212
211
169
211
145
135
127
239
96
239
239
76
201
98
142
203
127
188
232
236
53
211
187
233
145
212
127
212
137
184
206
214
140
140
212
169
127
151
199
135
214
269
239
269
76
76
127
214
184
130
213
136
73
73
92
135
127
214
252
211
212
140
133
211
167
131
127
74
195
232
201
214
200
221
200
108
127
214
53
73
240
212
212
191
165
171
127
252
134
176
140
211
135
162
145
130
127
95
207
207
200
200
269
203
203
221
127
214
214
140
184
90
211
171
234
90
127
175
212
76
168
169
139
248
182
145
127
140
115
146
140
84
185
108
187
269
127
214
183
53
186
212
162
183
73
73
127
214
188
214
211
248
76
248
248
171
127
137
74
214
223
140
54
188
108
203
127
140
136
183
85
85
240
92
53
199
127
184
170
140
184
76
162
214
76
76
127
214
207
58
239
221
214
188
124
188
127
98
199
214
267
186
211
53
90
267
127
140
76
248
76
162
248
76
171
248
127
199
209
185
188
135
76
212
135
96
127
214
130
267
191
54
90
90
238
197
127
246
135
170
248
248
248
169
248
248
127
212
185
133
133
214
188
76
96
206
127
140
267
135
176
267
267
267
267
53
127
133
126
127
134
124
143
140
124
191
127
21
135
144
12
22
135
22
152
182
127
250
127
127
213
189
12
12
7
114
127
214
140
95
22
145
111
141
143
124
127
213
12
130
138
138
22
150
22
212
127
11
5
260
206
149
213
79
135
213
127
126
138
126
154
110
124
214
29
141
127
60
12
140
138
8
184
130
172
135
127
12
146
208
181
213
147
138
84
135
127
125
21
134
140
154
141
124
112
145
127
12
138
12
140
213
130
8
130
8
127
131
10
152
260
40
43
184
187
147
127
214
144
132
155
139
98
111
138
113
127
21
181
12
188
140
12
196
140
172
127
211
151
135
5
260
181
138
53
135
127
140
184
154
141
141
146
145
124
130
127
135
138
23
145
145
8
135
130
181
127
11
12
5
89
12
114
135
191
7
127
214
132
133
135
140
140
144
145
184
127
212
137
188
150
130
55
140
8
12
127
144
133
65
12
191
140
49
147
135
127
214
214
214
124
144
133
184
132
177
127
206
23
135
8
135
181
131
212
140
127
214
189
211
185
191
191
212
135
182
127
214
135
213
135
98
212
143
130
143
127
10
185
138
144
12
206
199
12
91
127
210
249
12
212
89
138
187
49
135
127
214
212
149
110
196
214
214
124
124
127
135
135
183
206
130
199
12
140
206
127
133
133
211
184
214
133
114
135
188
127
133
135
206
187
214
133
211
214
196
127
140
181
140
144
135
130
55
206
206
127
138
146
97
214
135
191
147
135
79
127
158
197
135
184
206
135
124
140
183
127
186
137
144
135
206
185
183
213
140
127
214
135
139
191
140
246
76
76
208
127
158
187
213
213
135
124
140
197
133
127
140
183
209
197
196
199
175
139
196
127
211
211
181
42
133
40
135
191
135
127
212
184
184
214
214
206
199
45
192
127
212
205
184
55
55
145
97
199
211
127
133
133
181
181
86
135
206
187
53
127
133
153
153
146
212
130
214
183
45
127
212
211
199
184
183
196
135
55
183
127
146
214
214
135
135
211
53
114
54
127
214
135
137
199
214
124
45
214
192
127
140
55
55
211
197
97
205
196
55
127
214
214
138
139
42
248
187
140
76
