94
168
21
5
5
169
21
6
1
8
94
16
88
16
21
21
179
19
49
49
94
18
24
25
20
16
88
113
113
21
94
133
137
24
24
5
25
1
8
23
94
21
16
16
61
49
16
16
21
179
94
15
113
21
113
20
20
24
188
21
94
9
77
169
111
24
1
99
10
8
94
88
21
21
21
16
16
21
19
21
94
20
21
113
16
169
20
21
20
113
94
2
2
23
2
1
5
10
8
1
94
179
16
161
88
62
21
135
16
19
94
24
99
16
20
35
20
20
21
24
94
24
5
2
90
48
24
48
24
10
94
70
16
16
19
19
47
49
62
16
94
111
169
188
88
20
24
21
16
48
94
110
87
87
24
21
10
169
25
181
94
20
117
47
21
119
119
179
42
73
94
21
24
16
35
113
113
188
163
21
94
82
82
82
77
77
97
24
82
82
94
12
179
56
47
179
49
42
179
62
94
163
16
35
163
20
36
48
20
36
94
74
97
74
82
82
82
82
181
21
94
74
47
62
73
161
60
178
62
119
94
150
25
149
21
63
21
182
21
148
94
151
137
97
151
148
48
181
32
48
94
134
171
120
120
157
76
76
88
40
94
18
121
169
99
99
133
129
105
188
94
101
24
137
151
133
181
97
48
148
94
17
70
179
179
47
42
179
178
42
94
133
98
135
99
88
99
37
99
133
94
102
101
151
137
65
134
101
135
134
94
73
61
179
76
135
62
119
135
88
94
101
148
99
99
133
102
100
36
99
94
135
151
98
151
151
151
32
65
60
94
148
179
73
73
179
135
56
40
62
94
151
99
97
99
102
175
100
135
175
94
97
34
74
135
134
151
139
139
135
94
179
74
42
178
56
178
60
62
76
94
74
74
181
135
99
135
102
100
139
94
34
74
133
133
139
65
149
179
99
94
61
178
64
42
60
88
88
56
149
94
117
102
151
169
135
182
175
100
100
94
151
135
98
181
181
142
139
149
146
94
178
61
178
133
42
56
47
119
178
94
102
97
135
99
186
133
134
175
99
94
74
97
34
34
151
146
65
135
32
94
171
134
118
56
178
179
62
76
56
94
134
101
99
72
98
135
149
139
139
94
98
13
112
111
170
13
170
13
132
94
101
69
121
128
128
20
111
179
112
94
127
66
66
101
66
101
60
191
20
94
174
132
132
13
13
112
132
162
13
94
14
122
11
179
179
7
20
20
179
94
21
191
127
112
151
184
99
184
22
94
23
112
166
132
166
173
167
132
173
94
70
164
134
11
11
169
131
111
130
94
150
127
78
131
151
66
191
60
98
94
162
166
13
163
112
167
13
170
170
94
133
11
7
130
120
169
179
3
20
94
99
99
98
66
127
102
184
142
140
94
93
175
163
166
173
170
157
173
112
94
120
133
151
151
20
11
125
147
46
94
78
101
151
78
78
60
66
78
142
94
112
111
136
97
132
139
112
22
162
94
74
130
128
151
101
179
11
25
25
94
98
98
111
191
112
99
54
134
63
94
105
163
148
175
163
162
133
131
106
94
128
128
74
17
118
101
118
131
137
94
111
20
191
151
191
181
133
105
95
94
151
170
175
173
175
105
162
167
149
94
150
111
17
102
97
118
135
137
130
94
76
151
105
111
151
191
142
133
99
94
170
151
151
148
130
101
99
151
129
94
136
133
127
118
135
130
3
127
99
94
151
111
133
151
99
151
151
151
191
94
130
63
98
101
99
99
146
175
167
94
70
17
74
7
169
139
38
135
116
94
99
98
151
99
151
99
111
54
99
94
175
98
151
170
98
130
151
135
190
94
93
179
102
118
7
99
118
38
38
94
99
99
151
134
99
99
98
99
151
94
139
134
173
137
99
178
178
130
134
94
135
118
39
135
135
118
134
116
151
94
98
133
151
151
167
133
151
102
151
94
151
178
148
130
178
132
151
190
130
94
151
98
99
151
146
116
151
101
134
94
135
99
98
102
135
151
151
95
137
94
134
102
130
99
137
175
130
146
139
94
134
151
151
97
38
38
151
133
178
94
98
134
151
99
151
151
151
102
111
94
106
151
178
178
102
135
175
135
178
94
134
98
97
134
135
135
116
127
146
94
151
151
134
135
146
134
102
151
183
94
178
130
170
151
151
190
190
178
175
94
151
135
118
39
151
134
137
135
135
94
135
151
151
98
151
148
138
190
190
94
151
102
102
102
99
105
101
102
74
94
151
99
99
151
151
151
151
134
135
94
105
151
99
102
99
102
151
151
102
94
151
102
99
151
134
102
151
133
133
94
151
151
74
151
155
99
151
134
102
94
94
99
148
151
137
151
101
99
99
94
151
102
106
98
151
133
102
106
50
94
159
63
151
151
134
133
137
97
105
94
151
151
134
102
102
133
151
151
151
94
151
101
102
102
134
151
108
151
151
94
179
102
151
139
151
151
133
97
102
94
102
14
99
151
102
135
102
102
121
94
102
99
151
102
151
151
134
75
151
94
151
151
151
73
151
106
135
187
151
94
151
151
98
99
106
105
102
151
134
94
93
151
16
134
102
50
134
102
105
94
151
187
151
151
134
97
102
135
134
94
149
149
14
97
151
32
133
100
53
94
102
106
151
102
50
140
101
67
151
94
133
151
134
180
105
151
99
142
135
94
99
97
151
14
102
151
102
151
151
94
151
151
151
98
151
151
137
102
102
94
102
73
101
134
135
167
187
140
180
94
151
97
151
106
24
188
151
99
151
94
102
105
106
106
102
102
105
99
108
94
102
134
151
151
37
133
134
180
187
94
101
134
102
100
100
151
151
102
151
94
18
67
102
102
102
30
102
50
106
94
74
151
34
40
151
99
37
142
154
94
110
134
57
134
151
148
52
74
102
94
78
102
151
50
30
151
70
151
102
94
134
134
65
151
98
134
134
37
137
94
94
100
100
98
138
100
102
99
171
94
98
134
102
134
151
74
28
105
79
94
134
151
156
134
139
37
154
135
176
94
98
57
102
65
151
62
138
40
32
94
58
178
178
41
102
108
137
108
28
94
151
58
135
149
60
187
176
105
151
94
115
65
65
99
62
95
74
62
62
94
98
151
135
178
105
79
178
101
151
94
151
134
137
155
151
180
62
73
142
94
24
98
151
95
95
102
62
52
151
94
98
34
44
79
79
134
79
79
75
94
134
159
151
141
180
73
134
154
37
94
63
134
99
151
98
151
151
138
97
94
179
80
79
102
178
178
50
28
101
94
63
133
102
135
142
155
180
176
62
94
102
135
99
102
102
102
41
96
99
94
74
151
99
99
134
99
105
134
99
94
151
67
67
73
99
132
102
165
102
94
99
151
151
151
99
137
99
102
102
94
135
99
99
134
99
151
99
99
99
94
93
129
149
93
57
98
148
99
26
94
98
151
151
99
102
99
102
133
98
94
99
99
135
134
130
137
99
99
133
94
142
151
33
67
102
17
151
101
97
94
98
99
102
151
99
99
151
137
134
94
151
134
151
99
151
99
136
102
99
94
99
89
151
99
151
102
99
111
165
94
151
99
151
99
99
134
102
101
133
94
99
151
151
99
136
151
133
99
102
94
118
98
99
151
67
102
135
102
101
94
151
151
99
151
99
134
133
101
134
94
101
151
134
137
99
130
99
130
134
94
73
55
151
165
151
163
165
21
21
94
151
151
97
99
99
99
99
134
133
94
151
151
99
134
102
136
135
105
97
94
33
118
55
34
185
73
99
26
99
94
167
151
151
134
137
151
102
102
137
94
134
135
151
181
151
134
99
99
130
94
134
98
74
151
41
134
179
148
99
94
98
135
134
151
99
102
151
99
134
94
109
94
78
134
99
101
44
137
142
94
179
74
73
151
163
151
99
135
74
94
93
97
87
134
151
102
102
134
101
94
98
133
149
99
186
135
137
99
90
94
73
102
151
135
27
146
91
99
142
94
102
178
145
102
137
102
134
99
168
94
151
151
18
136
151
142
193
142
134
94
127
151
185
148
73
26
142
167
44
94
98
139
134
134
153
153
177
141
102
94
150
98
134
135
148
149
133
90
193
94
110
73
146
55
165
142
167
74
163
94
134
167
137
99
134
97
141
152
102
94
74
102
188
142
102
148
130
40
138
94
89
148
189
178
189
167
26
142
146
94
181
106
151
145
135
102
152
145
141
94
102
151
102
149
97
151
183
193
44
94
167
156
92
185
91
44
78
44
91
94
98
134
151
176
145
177
145
133
177
94
98
151
99
151
148
186
142
142
151
94
98
33
178
189
178
165
44
178
178
94
98
151
151
151
178
151
151
178
152
94
151
78
151
142
39
39
90
183
183
94
74
189
165
91
146
91
178
91
167
94
101
135
178
178
134
145
189
189
189
94
102
99
151
102
151
148
134
93
151
94
149
151
99
99
151
102
105
102
99
94
106
102
139
133
151
70
121
133
158
94
137
133
101
102
102
148
151
99
106
94
102
149
151
151
74
151
57
148
57
94
151
102
102
57
135
133
139
70
102
94
101
102
178
178
151
102
151
97
97
94
102
102
151
151
151
151
102
102
98
94
102
151
151
151
133
41
139
168
71
94
98
99
105
151
151
151
137
97
151
94
149
151
151
151
44
103
102
105
99
94
167
57
99
102
151
102
133
139
102
94
74
101
94
133
102
102
151
101
93
94
151
134
99
72
103
151
139
146
103
94
133
97
97
100
57
102
101
97
99
94
101
105
102
151
102
102
105
151
148
94
87
167
160
45
144
158
151
193
90
94
48
102
102
151
133
99
151
97
168
94
134
178
151
118
93
99
102
151
151
94
150
102
74
74
133
17
143
158
105
94
102
151
151
151
144
121
151
127
133
94
151
98
99
151
151
125
151
106
99
94
171
73
171
171
59
144
74
103
146
94
135
167
169
41
151
135
168
106
151
94
151
101
134
148
151
102
102
151
125
94
111
142
99
151
193
171
193
59
59
94
151
134
97
151
100
57
57
70
99
94
151
181
151
151
102
98
151
123
97
94
58
140
167
144
151
143
158
143
81
94
151
41
57
172
151
151
137
121
127
94
181
99
130
102
151
99
118
106
97
94
73
149
149
143
143
193
146
146
158
94
151
151
102
134
68
151
127
168
68
94
129
151
59
124
125
102
178
133
106
94
102
87
106
102
63
135
81
135
193
94
151
134
41
135
151
118
134
57
57
94
151
135
151
151
178
59
178
178
127
94
101
58
151
160
102
42
135
81
146
94
102
100
134
64
64
172
70
41
142
94
134
126
102
134
59
118
151
59
59
94
151
149
45
171
158
151
135
93
135
94
74
142
151
192
135
151
41
68
192
94
102
59
178
59
118
178
59
127
178
94
142
150
135
135
99
59
151
99
73
94
151
97
192
137
42
68
68
170
141
94
177
99
126
178
178
178
125
178
178
94
151
135
98
98
151
135
59
73
148
94
102
192
99
130
192
192
192
192
41
94
98
94
94
99
93
104
102
93
137
94
16
99
105
9
17
99
17
111
133
94
179
94
94
151
136
9
9
6
86
94
151
102
73
17
106
84
103
104
93
94
151
9
97
101
101
17
110
17
151
94
9
4
188
148
109
151
61
99
151
94
94
101
94
112
83
93
151
22
103
94
46
9
102
101
6
134
97
128
99
94
9
106
149
133
151
107
101
63
99
94
94
16
99
102
112
103
93
84
106
94
9
101
9
102
151
97
6
97
6
94
97
8
111
188
29
32
134
135
107
94
151
105
97
112
102
74
84
101
85
94
16
133
9
135
102
9
140
102
128
94
151
111
99
4
188
133
101
41
99
94
102
134
112
103
103
106
106
93
97
94
99
101
18
106
106
6
99
97
133
94
9
9
4
67
9
86
99
137
6
94
151
97
98
99
102
102
105
106
134
94
151
101
135
110
97
43
102
6
9
94
105
98
51
9
137
102
37
107
99
94
151
151
151
93
105
98
134
97
130
94
148
18
99
6
99
133
97
151
102
94
151
136
151
135
137
137
151
99
133
94
151
99
151
99
74
151
104
97
104
94
8
135
101
105
9
148
142
9
69
94
150
179
9
151
67
101
135
37
99
94
151
151
109
83
140
151
151
93
93
94
99
99
134
148
97
142
9
102
148
94
98
98
151
134
151
98
86
99
135
94
98
99
148
135
151
98
151
151
140
94
102
133
102
105
99
97
43
148
148
94
101
106
74
151
99
137
107
99
61
94
114
141
99
134
148
99
93
102
134
94
135
101
105
99
148
135
134
151
102
94
151
99
102
137
102
177
59
59
149
94
114
135
151
151
99
93
102
141
98
94
102
134
150
141
140
142
129
102
140
94
151
151
133
31
98
29
99
137
99
94
151
134
134
151
151
148
142
34
138
94
151
148
134
43
43
106
74
142
151
94
98
98
133
133
65
99
148
135
41
94
98
112
112
106
151
97
151
134
34
94
151
151
142
134
134
140
99
43
134
94
106
151
151
99
99
151
41
86
42
94
151
99
101
142
151
93
34
151
138
94
102
43
43
151
141
74
148
140
43
94
151
151
101
102
31
178
135
102
59
