65
126
57
72
72
100
80
72
47
98
65
118
124
129
129
118
84
131
116
116
65
111
80
67
100
67
123
70
70
67
65
46
69
66
80
72
100
47
98
100
65
118
79
131
134
116
131
129
118
93
65
80
70
94
70
54
67
67
5
79
65
71
35
100
100
66
47
63
36
69
65
126
117
118
118
129
129
94
131
118
65
94
94
70
67
100
94
67
54
70
65
46
47
35
47
47
72
36
69
47
65
34
131
128
124
134
94
113
129
131
65
69
111
54
54
80
54
54
94
54
65
57
72
47
126
58
66
58
80
36
65
113
129
131
131
131
56
116
133
129
65
69
100
133
128
100
57
83
67
77
65
35
126
126
66
80
36
100
100
85
65
27
124
129
79
10
10
93
46
65
65
94
94
67
80
70
70
5
122
67
65
133
133
44
36
36
63
66
44
44
65
118
113
117
56
34
116
46
93
134
65
128
67
80
128
94
80
67
67
80
65
49
69
69
44
44
44
44
85
66
65
113
129
133
65
128
134
92
133
10
65
100
67
124
94
133
67
134
67
124
65
111
65
109
63
126
58
85
66
58
65
25
130
16
122
130
9
9
123
56
65
69
16
80
65
63
63
63
68
5
65
109
57
111
89
112
85
84
58
8
65
113
134
34
65
56
46
113
92
46
65
84
113
84
63
123
63
80
63
68
65
65
69
111
111
62
63
69
63
69
65
134
65
93
9
113
133
10
8
123
65
69
7
65
69
25
49
68
80
63
65
86
65
55
69
63
112
66
85
85
65
113
65
134
34
93
113
83
56
133
65
113
111
25
25
63
91
109
63
91
65
86
58
84
87
63
103
97
63
63
65
113
113
134
92
25
92
133
113
9
65
113
113
113
63
63
49
63
63
63
65
57
87
69
111
97
62
126
97
111
65
134
33
9
77
134
123
123
83
8
65
15
84
69
100
63
134
105
109
89
65
88
55
69
85
85
8
63
126
97
65
33
134
33
121
77
83
56
10
16
65
89
25
69
65
124
65
49
105
63
65
65
89
58
58
89
97
62
111
66
65
130
104
88
110
92
113
133
9
83
65
49
69
69
128
65
61
61
61
61
65
25
75
71
71
130
31
130
31
37
65
109
67
90
106
106
101
121
85
89
65
18
83
83
49
83
63
13
96
83
65
34
19
19
31
31
89
37
122
31
65
101
105
67
85
85
108
101
101
85
65
113
126
18
89
87
113
69
113
18
65
120
71
23
37
23
131
23
37
131
65
69
118
71
67
67
69
106
121
106
65
113
18
133
120
63
83
96
10
17
65
124
23
75
122
71
23
31
130
130
65
89
67
108
15
15
112
85
78
101
65
113
109
88
83
18
103
113
90
63
65
121
105
122
23
131
130
131
131
69
65
15
104
89
69
101
67
89
74
78
65
83
87
87
126
121
92
83
83
49
65
71
120
17
109
37
17
89
69
122
65
65
15
106
71
121
85
67
67
67
65
109
89
99
126
109
103
18
32
133
65
109
128
113
105
122
122
17
90
65
65
106
106
85
101
105
89
15
106
104
65
109
121
126
87
96
18
63
63
87
65
17
113
105
131
16
65
122
23
17
65
69
89
101
63
111
15
104
104
106
65
113
63
84
49
84
96
89
63
63
65
34
113
109
117
113
63
109
34
39
65
111
84
105
105
15
106
108
106
17
65
69
99
63
84
109
99
111
69
96
65
18
131
89
17
89
65
12
16
23
65
101
101
69
108
69
49
81
63
15
65
109
63
65
63
87
32
99
18
103
65
34
17
104
130
17
90
109
17
45
65
69
85
69
15
108
103
105
81
81
65
109
89
89
63
63
113
17
111
109
65
88
25
131
49
111
33
33
90
84
65
126
15
67
51
49
106
51
15
69
65
69
63
86
86
71
63
87
109
69
65
17
33
45
113
18
37
69
45
90
65
89
104
49
88
63
15
17
69
63
65
87
103
109
69
63
84
63
87
86
65
88
69
20
89
45
105
90
12
12
65
71
34
88
111
81
81
69
17
84
65
113
89
69
84
69
86
84
103
26
65
69
88
18
33
113
8
105
69
33
65
69
104
69
89
90
63
15
18
49
65
113
86
63
55
89
89
103
86
113
65
33
20
130
84
109
45
45
33
16
65
65
89
15
81
34
51
104
48
51
65
104
63
49
69
134
19
86
99
99
65
65
109
25
109
109
104
17
113
14
65
87
25
25
65
65
109
69
63
25
65
84
110
109
25
20
20
63
24
119
65
88
109
111
89
34
86
89
111
84
65
104
89
133
53
132
89
111
49
65
65
111
25
104
20
84
24
20
63
25
65
109
110
103
69
113
84
104
111
120
65
127
113
89
65
25
49
53
69
111
65
25
89
65
111
84
25
24
65
109
65
111
113
84
89
84
65
63
89
69
65
104
113
113
121
53
63
111
49
104
65
25
67
104
104
89
69
103
20
134
65
84
111
113
113
34
112
109
121
109
65
89
89
49
50
113
63
63
74
104
65
89
111
104
69
104
65
119
25
104
65
113
113
117
64
89
117
64
113
104
65
65
121
109
51
65
53
49
49
63
65
113
113
80
89
25
67
109
119
2
65
25
69
109
111
117
64
65
14
64
65
94
113
49
8
111
112
109
112
49
65
17
104
110
54
24
103
113
64
69
65
109
111
109
87
89
89
104
104
113
65
34
134
69
49
89
40
121
49
8
65
113
25
109
104
57
124
65
109
63
65
89
109
103
103
109
104
104
64
63
65
65
69
51
63
57
89
112
8
74
65
25
25
111
119
119
25
25
88
64
65
117
17
109
109
63
76
34
120
65
65
65
63
57
57
63
111
57
51
43
65
111
111
26
89
104
64
2
111
20
65
133
109
103
117
76
69
121
111
104
65
88
89
94
109
109
51
51
57
112
65
111
111
119
103
124
119
64
69
65
65
65
89
109
104
84
86
76
104
14
65
121
112
132
49
121
57
132
49
40
65
111
75
24
102
69
133
7
57
57
65
66
33
33
80
84
63
65
63
76
65
89
57
134
112
102
121
40
111
104
65
111
133
102
109
133
3
111
133
133
65
113
111
104
14
104
14
14
20
89
65
25
103
84
132
17
8
134
134
51
65
80
69
104
3
3
25
133
2
84
65
65
80
101
14
14
84
14
14
134
65
89
127
63
112
8
134
89
132
57
65
133
84
104
89
104
104
69
7
84
65
34
133
105
113
14
14
120
76
20
65
113
49
103
87
51
132
8
40
133
65
25
84
17
84
25
25
67
25
63
65
104
65
65
69
88
20
65
104
89
65
89
10
10
104
69
18
20
110
20
65
25
113
111
86
84
86
109
104
113
65
104
87
20
89
69
55
113
25
84
65
121
18
112
109
113
65
123
109
30
65
20
69
69
89
111
20
111
20
84
65
109
65
25
89
104
84
84
25
20
65
25
113
27
10
25
121
63
69
69
65
109
20
69
19
19
89
84
113
88
65
65
51
109
65
86
89
24
104
84
65
113
50
84
103
89
20
84
53
110
65
69
111
69
113
69
89
113
20
20
65
65
104
25
49
24
104
20
84
17
65
15
103
103
84
18
85
7
20
53
65
111
49
20
20
88
88
20
84
64
65
69
49
87
25
53
106
25
104
51
65
104
29
87
110
20
123
110
7
7
65
49
69
32
20
20
103
19
113
19
65
25
69
69
104
110
24
88
63
104
65
22
16
29
22
24
104
111
30
55
65
110
109
89
88
20
104
113
104
113
65
51
124
89
10
65
51
104
17
105
65
121
25
65
89
22
113
104
122
89
65
104
60
109
104
113
88
20
65
113
65
69
49
134
89
20
63
77
86
8
65
34
65
104
84
122
63
84
7
104
65
69
20
126
88
89
111
104
88
20
65
84
49
34
20
124
49
86
84
50
65
79
89
113
7
30
41
4
89
97
65
63
113
60
103
86
19
88
113
60
65
111
65
84
24
51
51
12
8
63
65
15
87
24
112
104
30
97
12
102
65
113
110
88
55
1
1
91
7
104
65
112
49
89
124
6
50
110
50
13
65
111
104
7
29
110
97
12
104
122
65
69
110
20
69
104
20
90
1
104
65
49
121
124
51
89
6
104
77
86
65
50
112
7
18
7
12
30
97
41
65
113
65
86
60
88
113
1
60
7
65
20
20
84
50
113
86
6
12
102
65
7
128
62
24
49
102
7
102
4
65
63
89
69
1
60
91
60
19
91
65
65
113
88
86
88
124
51
49
65
65
103
27
18
7
18
110
102
16
16
65
32
111
86
89
91
113
104
91
1
65
69
134
65
8
10
134
50
6
6
65
34
7
8
49
41
4
16
4
12
65
109
88
91
91
89
60
46
46
6
65
109
24
69
64
109
49
17
103
69
65
49
113
19
112
90
110
84
110
25
65
113
20
87
113
89
100
19
20
21
65
113
17
113
104
69
69
17
69
24
65
84
51
65
103
111
84
100
89
100
65
109
89
19
25
87
20
8
100
20
65
109
25
18
18
17
64
51
17
24
65
113
69
65
89
103
49
103
103
69
65
84
89
49
49
8
77
7
21
100
65
112
111
109
69
24
84
65
63
89
65
7
89
69
69
134
59
110
84
69
65
121
32
109
109
109
113
20
7
104
65
117
89
113
109
104
69
25
64
103
65
109
65
69
117
59
103
19
112
59
65
109
89
20
104
25
20
89
89
109
65
103
111
104
17
55
110
63
51
97
65
126
65
126
128
13
102
103
13
38
65
118
104
100
113
20
84
53
53
41
65
88
18
112
90
69
24
111
84
20
65
17
111
111
111
52
111
38
80
84
65
103
55
109
89
21
19
104
10
20
65
88
25
17
89
63
40
24
64
17
65
85
111
134
102
21
13
111
59
112
65
25
121
121
77
24
7
21
25
19
65
65
109
104
64
32
32
109
69
40
65
65
13
52
69
12
102
12
21
21
65
111
49
24
19
104
25
25
104
74
65
88
33
24
17
104
65
63
40
63
65
133
65
13
40
84
12
80
38
134
65
109
77
25
21
19
89
8
19
17
65
33
113
92
69
49
17
90
25
103
65
65
17
12
12
12
12
13
13
80
65
65
89
104
53
33
97
89
41
105
65
16
89
42
40
1
103
14
24
104
65
69
126
110
110
102
19
134
87
13
65
109
89
77
87
89
92
109
25
25
65
32
109
17
24
14
95
33
33
13
65
69
117
113
6
110
134
59
134
13
65
109
55
49
100
100
21
100
77
89
65
88
18
104
111
95
90
69
95
42
65
89
7
134
101
102
103
52
100
52
65
111
90
65
42
92
53
77
105
42
65
112
95
33
42
90
14
42
8
33
65
121
84
104
52
20
21
89
103
111
65
113
84
95
24
77
105
105
111
7
65
95
113
40
33
14
33
40
14
14
65
65
88
112
103
103
52
133
111
90
65
109
95
104
105
42
42
42
42
77
65
111
130
65
25
65
34
111
3
17
65
121
25
84
25
27
109
93
71
84
65
111
113
84
17
17
82
82
82
125
65
89
120
26
26
34
28
111
34
65
65
104
115
93
84
93
27
40
93
89
65
108
107
11
63
110
17
133
65
84
65
111
17
130
27
28
89
89
120
65
65
117
115
84
8
115
98
93
40
69
65
82
109
113
69
17
110
17
133
17
65
65
26
32
17
27
65
3
28
113
65
73
113
115
84
65
25
115
93
114
65
109
118
69
11
73
118
17
99
110
65
88
24
104
120
89
26
28
89
28
65
121
89
25
109
84
25
32
113
40
65
103
65
69
73
11
112
84
22
63
65
111
34
27
65
65
27
25
63
104
65
65
84
93
25
25
98
109
84
64
65
118
82
107
113
82
11
63
17
82
65
89
104
86
104
17
84
111
113
65
65
113
25
84
93
84
134
113
114
25
65
111
84
118
82
49
103
73
110
65
65
55
89
89
113
113
104
109
104
89
65
113
93
25
115
109
63
109
99
113
65
17
20
89
17
109
113
111
63
17
65
34
25
86
109
26
84
34
49
34
65
108
113
84
25
25
10
104
25
93
65
69
84
82
109
10
84
99
73
103
65
65
113
89
28
89
84
109
113
113
65
49
25
86
104
110
104
25
20
121
65
111
103
111
104
84
17
11
111
89
65
109
25
5
34
84
89
25
17
89
65
113
65
25
65
89
110
134
7
104
65
113
103
104
112
69
63
110
84
133
65
88
5
88
89
5
112
113
17
39
65
65
84
25
89
104
113
89
104
111
65
113
25
103
113
69
133
95
95
63
65
69
121
34
113
104
65
17
39
17
65
103
104
84
10
32
99
20
111
32
65
111
109
104
118
89
73
111
63
65
65
88
88
89
88
88
5
5
26
3
65
84
86
84
134
134
25
65
111
24
65
111
111
17
109
133
65
63
104
22
65
111
32
32
25
84
84
84
65
26
65
65
89
104
32
111
32
63
134
89
65
111
17
89
69
69
69
22
125
46
65
89
34
25
5
84
17
26
65
55
65
109
117
134
89
10
111
87
32
134
65
113
88
17
103
118
10
63
17
95
