47
88
43
51
51
73
57
51
34
71
47
83
87
90
90
83
59
91
82
82
47
79
57
48
73
48
87
50
50
48
47
33
49
48
57
51
73
34
71
73
47
83
56
91
93
82
91
90
83
66
47
57
50
67
50
40
48
48
3
56
47
51
23
73
73
48
34
47
24
49
47
88
83
83
83
90
90
67
91
83
47
67
67
50
48
73
67
48
40
50
47
33
34
23
34
34
51
24
49
34
47
22
91
89
87
93
67
80
90
91
47
49
79
40
40
57
40
40
67
40
47
43
51
34
88
44
48
44
57
24
47
80
90
91
91
91
42
82
93
90
47
49
73
93
89
73
43
59
48
55
47
23
88
88
48
57
24
73
73
60
47
17
87
90
56
6
6
66
33
47
47
67
67
48
57
50
50
3
86
48
47
93
93
31
24
24
47
48
31
31
47
83
80
83
42
22
82
33
66
93
47
89
48
57
89
67
57
48
48
57
47
36
49
49
31
31
31
31
60
48
47
80
90
93
47
89
93
65
93
6
47
73
48
87
67
93
48
93
48
87
47
79
47
78
47
88
44
60
48
44
47
15
91
10
86
91
6
6
87
42
47
49
10
57
47
47
47
47
49
3
47
78
43
79
63
80
60
59
44
5
47
80
93
22
47
42
33
80
65
33
47
59
80
59
47
87
47
57
47
49
47
47
49
79
79
46
47
49
47
49
47
93
47
66
6
80
93
6
5
87
47
49
4
47
49
15
36
49
57
47
47
61
47
41
49
47
80
48
60
60
47
80
47
93
22
66
80
59
42
93
47
80
79
15
15
47
65
78
47
65
47
61
44
59
62
47
75
70
47
47
47
80
80
93
65
15
65
93
80
6
47
80
80
80
47
47
36
47
47
47
47
43
62
49
79
70
46
88
70
79
47
93
22
6
55
93
87
87
59
5
47
10
59
49
73
47
93
76
78
63
47
63
41
49
60
60
5
47
88
70
47
22
93
22
85
55
59
42
6
10
47
63
15
49
47
87
47
36
76
47
47
47
63
44
44
63
70
46
79
48
47
91
75
63
79
65
80
93
6
59
47
36
49
49
89
47
46
46
46
46
47
15
53
51
51
91
20
91
20
25
47
78
48
64
76
76
74
85
60
63
47
12
59
59
36
59
47
8
69
59
47
22
12
12
20
20
63
25
86
20
47
74
76
48
60
60
78
74
74
60
47
80
88
12
63
62
80
49
80
12
47
85
51
13
25
13
91
13
25
91
47
49
83
51
48
48
49
76
85
76
47
80
12
93
85
47
59
69
6
11
47
87
13
53
86
51
13
20
91
91
47
63
48
78
10
10
80
60
56
74
47
80
78
63
59
12
75
80
64
47
47
85
76
86
13
91
91
91
91
49
47
10
75
63
49
74
48
63
53
56
47
59
62
62
88
85
65
59
59
36
47
51
85
11
78
25
11
63
49
86
47
47
10
76
51
85
60
48
48
48
47
78
63
72
88
78
75
12
21
93
47
78
89
80
76
86
86
11
64
47
47
76
76
60
74
76
63
10
76
75
47
78
85
88
62
69
12
47
47
62
47
11
80
76
91
10
47
86
13
11
47
49
63
74
47
79
10
75
75
76
47
80
47
59
36
59
69
63
47
47
47
22
80
78
83
80
47
78
22
27
47
79
59
76
76
10
76
78
76
11
47
49
72
47
59
78
72
79
49
69
47
12
91
63
11
63
47
8
10
13
47
74
74
49
78
49
36
58
47
10
47
78
47
47
47
62
21
72
12
75
47
22
11
75
91
11
64
78
11
32
47
49
60
49
10
78
75
76
58
58
47
78
63
63
47
47
80
11
79
78
47
63
15
91
36
79
22
22
64
59
47
88
10
48
37
36
76
37
10
49
47
49
47
61
61
51
47
62
78
49
47
11
22
32
80
12
25
49
32
64
47
63
75
36
63
47
10
11
49
47
47
62
75
78
49
47
59
47
62
61
47
63
49
12
63
32
76
64
8
8
47
51
22
63
79
58
58
49
11
59
47
80
63
49
59
49
61
59
75
16
47
49
63
12
22
80
5
76
49
22
47
49
75
49
63
64
47
10
12
36
47
80
61
47
41
63
63
75
61
80
47
22
12
91
59
78
32
32
22
10
47
47
63
10
58
22
37
75
35
37
47
75
47
36
49
93
12
61
72
72
47
47
78
15
78
78
75
11
80
9
47
62
15
15
47
47
78
49
47
15
47
59
79
78
15
12
12
47
14
84
47
63
78
79
63
22
61
63
79
59
47
75
63
93
39
92
63
79
36
47
47
79
15
75
12
59
14
12
47
15
47
78
79
75
49
80
59
75
79
85
47
89
80
63
47
15
36
39
49
79
47
15
63
47
79
59
15
14
47
78
47
79
80
59
63
59
47
47
63
49
47
75
80
80
85
39
47
79
36
75
47
15
48
75
75
63
49
75
12
93
47
59
79
80
80
22
80
78
85
78
47
63
63
36
37
80
47
47
53
75
47
63
79
75
49
75
47
84
15
75
47
80
80
83
47
63
83
47
80
75
47
47
85
78
37
47
39
36
36
47
47
80
80
57
63
15
48
78
84
2
47
15
49
78
79
83
47
47
9
47
47
67
80
36
5
79
80
78
80
36
47
11
75
79
40
14
75
80
47
49
47
78
79
78
62
63
63
75
75
80
47
22
93
49
36
63
27
85
36
5
47
80
15
78
75
43
87
47
78
47
47
63
78
75
75
78
75
75
47
47
47
47
49
37
47
43
63
80
5
53
47
15
15
79
84
84
15
15
63
47
47
83
11
78
78
47
54
22
85
47
47
47
47
43
43
47
79
43
37
30
47
79
79
16
63
75
47
2
79
12
47
93
78
75
83
54
49
85
79
75
47
63
63
67
78
78
37
37
43
80
47
79
79
84
75
87
84
47
49
47
47
47
63
78
75
59
61
54
75
9
47
85
80
92
36
85
43
92
36
27
47
79
53
14
74
49
93
4
43
43
47
48
22
22
57
59
47
47
47
54
47
63
43
93
80
74
85
27
79
75
47
79
93
74
78
93
2
79
93
93
47
80
79
75
9
75
9
9
12
63
47
15
75
59
92
11
5
93
93
37
47
57
49
75
2
2
15
93
2
59
47
47
57
74
9
9
59
9
9
93
47
63
89
47
80
5
93
63
92
43
47
93
59
75
63
75
75
49
4
59
47
22
93
76
80
9
9
85
54
12
47
80
36
75
62
37
92
5
27
93
47
15
59
11
59
15
15
48
15
47
47
75
47
47
49
63
12
47
75
63
47
63
6
6
75
49
12
12
79
12
47
15
80
79
61
59
61
78
75
80
47
75
62
12
63
49
41
80
15
59
47
85
12
80
78
80
47
87
78
19
47
12
49
49
63
79
12
79
12
59
47
78
47
15
63
75
59
59
15
12
47
15
80
17
6
15
85
47
49
49
47
78
12
49
12
12
63
59
80
63
47
47
37
78
47
61
63
14
75
59
47
80
37
59
75
63
12
59
39
79
47
49
79
49
80
49
63
80
12
12
47
47
75
15
36
14
75
12
59
11
47
10
75
75
59
12
60
4
12
39
47
79
36
12
12
63
63
12
59
47
47
49
36
62
15
39
76
15
75
37
47
75
19
62
79
12
87
79
4
4
47
36
49
21
12
12
75
12
80
12
47
15
49
49
75
79
14
63
47
75
47
13
10
19
13
14
75
79
19
41
47
79
78
63
63
12
75
80
75
80
47
37
87
63
6
47
37
75
11
76
47
85
15
47
63
13
80
75
86
63
47
75
45
78
75
80
63
12
47
80
47
49
36
93
63
12
47
55
61
5
47
22
47
75
59
86
47
59
4
75
47
49
12
88
63
63
79
75
63
12
47
59
36
22
12
87
36
61
59
37
47
56
63
80
4
19
28
3
63
70
47
47
80
45
75
61
12
63
80
45
47
79
47
59
14
37
37
8
5
47
47
10
62
14
80
75
19
70
8
74
47
80
79
63
41
1
1
65
4
75
47
80
36
63
87
4
37
79
37
8
47
79
75
4
19
79
70
8
75
86
47
49
79
12
49
75
12
64
1
75
47
36
85
87
37
63
4
75
55
61
47
37
80
4
12
4
8
19
70
28
47
80
47
61
45
63
80
1
45
4
47
12
12
59
37
80
61
4
8
74
47
4
89
46
14
36
74
4
74
3
47
47
63
49
1
45
65
45
12
65
47
47
80
63
61
63
87
37
36
47
47
75
17
12
4
12
79
74
10
10
47
21
79
61
63
65
80
75
65
1
47
49
93
47
5
6
93
37
4
4
47
22
4
5
36
28
3
10
3
8
47
78
63
65
65
63
45
33
33
4
47
78
14
49
47
78
36
11
75
49
47
36
80
12
80
64
79
59
79
15
47
80
12
62
80
63
73
12
12
13
47
80
11
80
75
49
49
11
49
14
47
59
37
47
75
79
59
73
63
73
47
78
63
12
15
62
12
5
73
12
47
78
15
12
12
11
47
37
11
14
47
80
49
47
63
75
36
75
75
49
47
59
63
36
36
5
55
4
13
73
47
80
79
78
49
14
59
47
47
63
47
4
63
49
49
93
44
79
59
49
47
85
21
78
78
78
80
12
4
75
47
83
63
80
78
75
49
15
47
75
47
78
47
49
83
44
75
12
80
44
47
78
63
12
75
15
12
63
63
78
47
75
79
75
11
41
79
47
37
70
47
88
47
88
89
8
74
75
8
26
47
83
75
73
80
12
59
39
39
28
47
63
12
80
64
49
14
79
59
12
47
11
79
79
79
38
79
26
57
59
47
75
41
78
63
13
12
75
6
12
47
63
15
11
63
47
27
14
47
11
47
60
79
93
74
13
8
79
44
80
47
15
85
85
55
14
4
13
15
12
47
47
78
75
47
21
21
78
49
27
47
47
8
38
49
8
74
8
13
13
47
79
36
14
12
75
15
15
75
53
47
63
22
14
11
75
47
47
27
47
47
93
47
8
27
59
8
57
26
93
47
78
55
15
13
12
63
5
12
11
47
22
80
65
49
36
11
64
15
75
47
47
11
8
8
8
8
8
8
57
47
47
63
75
39
22
70
63
28
76
47
10
63
29
27
1
75
9
14
75
47
49
88
79
79
74
12
93
62
8
47
78
63
55
62
63
65
78
15
15
47
21
78
11
14
9
68
22
22
8
47
49
83
80
4
79
93
44
93
8
47
78
41
36
73
73
13
73
55
63
47
63
12
75
79
68
64
49
68
29
47
63
4
93
74
74
75
38
73
38
47
79
64
47
29
65
39
55
76
29
47
80
68
22
29
64
9
29
5
22
47
85
59
75
38
12
13
63
75
79
47
80
59
68
14
55
76
76
79
4
47
68
80
27
22
9
22
27
9
9
47
47
63
80
75
75
38
93
79
64
47
78
68
75
76
29
29
29
29
55
47
79
91
47
15
47
22
79
2
11
47
85
15
59
15
17
78
66
51
59
47
79
80
59
11
11
58
58
58
88
47
63
85
16
16
22
18
79
22
47
47
75
81
66
59
66
17
27
66
63
47
78
77
7
47
79
11
93
47
59
47
79
11
91
17
18
63
63
85
47
47
83
81
59
5
81
71
66
27
49
47
58
78
80
49
11
79
11
93
11
47
47
16
21
11
17
47
2
18
80
47
52
80
81
59
47
15
81
66
81
47
78
83
49
7
52
83
11
72
79
47
63
14
75
85
63
16
18
63
18
47
85
63
15
78
59
15
21
80
27
47
75
47
49
52
7
80
59
13
47
47
79
22
17
47
47
17
15
47
75
47
47
59
66
15
15
71
78
59
47
47
83
58
77
80
58
7
47
11
58
47
63
75
61
75
11
59
79
80
47
47
80
15
59
66
59
93
80
81
15
47
79
59
83
58
36
75
52
79
47
47
41
63
63
80
80
75
78
75
63
47
80
66
15
81
78
47
78
72
80
47
11
12
63
11
78
80
79
47
11
47
22
15
61
78
16
59
22
36
22
47
78
80
59
15
15
6
75
15
66
47
49
59
58
78
6
59
72
52
75
47
47
80
63
18
63
59
78
80
80
47
36
15
61
75
79
75
15
12
85
47
79
75
79
75
59
11
7
79
63
47
78
15
3
22
59
63
15
11
63
47
80
47
15
47
63
79
93
4
75
47
80
75
75
80
49
47
79
59
93
47
63
3
63
63
3
80
80
11
27
47
47
59
15
63
75
80
63
75
79
47
80
15
75
80
49
93
68
68
47
47
49
85
22
80
75
47
11
27
11
47
75
75
59
6
21
72
12
79
21
47
79
78
75
83
63
52
79
47
47
47
63
63
63
63
63
3
3
16
2
47
59
61
59
93
93
15
47
79
14
47
79
79
11
78
93
47
47
75
13
47
79
21
21
15
59
59
59
47
16
47
47
63
75
21
79
21
47
93
63
47
79
11
63
49
49
49
13
88
33
47
63
22
15
3
59
11
16
47
41
47
78
83
93
63
6
79
62
21
93
47
80
63
11
75
83
6
47
11
68
