66
111
16
5
5
112
16
6
1
8
66
14
61
14
16
16
120
15
33
33
66
14
18
18
16
14
61
77
77
16
66
89
91
18
18
5
18
1
8
17
66
16
14
14
43
33
14
14
16
120
66
13
77
16
77
16
16
18
127
16
66
8
53
112
75
18
1
68
9
8
66
61
16
16
16
14
14
16
15
16
66
16
16
77
14
112
16
16
16
77
66
2
2
17
2
1
5
9
8
1
66
120
14
106
61
44
16
90
14
15
66
18
68
14
16
25
16
16
16
18
66
18
5
2
63
32
18
32
18
9
66
49
14
14
15
15
32
33
44
14
66
75
112
127
61
16
18
16
14
32
66
74
61
61
18
16
9
112
18
121
66
16
80
32
16
82
82
120
29
51
66
16
18
14
25
77
77
127
107
16
66
56
56
56
53
53
68
18
56
56
66
10
120
38
32
120
33
29
120
44
66
107
14
25
107
16
26
32
16
26
66
51
68
51
56
56
56
56
121
16
66
51
32
44
51
106
42
119
44
82
66
99
18
98
16
45
16
122
16
98
66
99
91
68
99
98
32
121
22
32
66
90
114
83
83
104
52
52
61
28
66
14
83
112
68
68
89
87
72
127
66
69
18
91
99
89
121
68
32
98
66
14
49
120
120
32
29
120
119
29
66
89
68
90
68
61
68
26
68
89
66
69
69
99
91
45
90
69
90
90
66
51
43
120
52
90
44
82
90
61
66
69
98
68
68
89
69
69
26
68
66
90
99
68
99
99
99
22
45
42
66
98
120
51
51
120
90
38
28
44
66
99
68
68
68
69
117
69
90
117
66
68
24
51
90
90
99
92
92
90
66
120
51
29
119
38
119
42
44
52
66
51
51
121
90
68
90
69
69
92
66
24
51
89
89
92
45
98
120
68
66
43
119
45
29
42
61
61
38
98
66
80
69
99
112
90
122
117
69
69
66
99
90
68
121
121
94
92
98
97
66
119
43
119
89
29
38
32
82
119
66
69
68
90
68
125
89
90
117
68
66
51
68
24
24
99
97
45
90
22
66
114
90
81
38
119
120
44
52
38
66
90
69
68
50
68
90
98
92
92
66
68
11
76
75
113
11
113
11
88
66
69
48
83
86
86
16
75
120
76
66
85
46
46
69
46
69
42
129
16
66
116
88
88
11
11
76
88
106
11
66
12
83
10
120
120
7
16
16
120
66
16
129
85
76
99
123
68
123
17
66
17
76
110
88
110
115
110
88
115
66
49
108
90
10
10
112
88
75
87
66
99
85
53
88
99
46
129
42
68
66
106
110
11
107
76
110
11
113
113
66
89
10
7
87
83
112
120
3
16
66
68
68
68
46
85
69
123
94
93
66
66
117
107
110
115
113
104
115
76
66
83
89
99
99
16
10
85
97
31
66
53
69
99
53
53
42
46
53
94
66
76
75
91
68
88
92
76
17
106
66
51
87
86
99
69
120
10
18
18
66
68
68
75
129
76
68
36
90
45
66
72
107
98
117
107
106
89
88
72
66
86
86
51
14
81
69
81
88
91
66
75
16
129
99
129
121
89
72
67
66
99
113
117
115
117
72
106
110
98
66
99
75
14
69
68
81
90
91
87
66
52
99
72
75
99
129
94
89
68
66
113
99
99
98
87
69
68
99
87
66
91
89
85
81
90
87
3
85
68
66
99
75
89
99
68
99
99
99
129
66
87
45
68
69
68
68
97
117
110
66
49
14
51
7
112
92
27
90
79
66
68
68
99
68
99
68
75
36
68
66
117
68
99
113
68
87
99
90
128
66
66
120
69
81
7
68
81
27
27
66
68
68
99
90
68
68
68
68
99
66
92
90
115
91
68
119
119
87
90
66
90
81
27
90
90
81
90
79
99
66
68
89
99
99
110
89
99
69
99
66
99
119
98
87
119
88
99
128
87
66
99
68
68
99
97
79
99
69
90
66
90
68
68
69
90
99
99
67
91
66
90
69
87
68
91
117
87
97
92
66
90
99
99
68
27
27
99
89
119
66
68
90
99
68
99
99
99
69
75
66
72
99
119
119
69
90
117
90
119
66
90
68
68
90
90
90
79
85
97
66
99
99
90
90
97
90
69
99
122
66
119
87
113
99
99
128
128
119
117
66
99
90
81
27
99
90
91
90
90
66
90
99
99
68
99
98
92
128
128
66
99
69
69
69
68
72
69
69
51
66
99
68
68
99
99
99
99
90
90
66
72
99
68
69
68
69
99
99
69
66
99
69
68
99
90
69
99
89
89
66
99
99
51
99
103
68
99
90
69
66
66
68
98
99
91
99
69
68
68
66
99
69
72
68
99
89
69
72
34
66
105
45
99
99
90
89
91
68
72
66
99
99
90
69
69
89
99
99
99
66
99
69
69
69
90
99
73
99
99
66
120
69
99
92
99
99
89
68
69
66
69
12
68
99
69
90
69
69
83
66
69
68
99
69
99
99
90
52
99
66
99
99
99
51
99
72
90
126
99
66
99
99
68
68
72
72
69
99
90
66
66
99
14
90
69
34
90
69
72
66
99
126
99
99
90
68
69
90
90
66
98
98
12
68
99
22
89
69
35
66
69
72
99
69
34
93
69
46
99
66
89
99
90
121
72
99
68
94
90
66
68
68
99
12
69
99
69
99
99
66
99
99
99
68
99
99
91
69
69
66
69
51
69
90
90
110
126
93
121
66
99
68
99
72
18
127
99
68
99
66
69
72
72
72
69
69
72
68
73
66
69
90
99
99
26
89
90
121
126
66
69
90
69
69
69
99
99
69
99
66
14
46
69
69
69
21
69
34
72
66
51
99
24
28
99
68
26
94
102
66
74
90
39
90
99
98
35
51
69
66
53
69
99
34
21
99
49
99
69
66
90
90
45
99
68
90
90
26
91
66
66
69
69
68
92
69
69
68
114
66
68
90
69
90
99
51
20
72
54
66
90
99
103
90
92
26
102
90
118
66
68
39
69
45
99
44
92
28
22
66
40
119
119
28
69
73
91
73
20
66
99
40
90
98
42
126
118
72
99
66
78
45
45
68
44
67
51
44
44
66
68
99
90
119
72
54
119
69
99
66
99
90
91
103
99
121
44
51
94
66
18
68
99
67
67
69
44
35
99
66
68
24
29
54
54
90
54
54
52
66
90
105
99
94
121
51
90
102
26
66
45
90
68
99
68
99
99
92
68
66
120
54
54
69
119
119
34
20
69
66
45
89
69
90
94
103
121
118
44
66
69
90
68
69
69
69
28
67
68
66
51
99
68
68
90
68
72
90
68
66
99
46
46
51
68
88
69
109
69
66
68
99
99
99
68
91
68
69
69
66
90
68
68
90
68
99
68
68
68
66
66
87
98
66
39
68
98
68
19
66
68
99
99
68
69
68
69
89
68
66
68
68
90
90
87
91
68
68
89
66
94
99
23
46
69
14
99
69
68
66
68
68
69
99
68
68
99
91
90
66
99
90
99
68
99
68
91
69
68
66
68
62
99
68
99
69
68
75
109
66
99
68
99
68
68
90
69
69
89
66
68
99
99
68
91
99
89
68
69
66
81
68
68
99
46
69
90
69
69
66
99
99
68
99
68
90
89
69
90
66
69
99
90
91
68
87
68
87
90
66
51
37
99
109
99
107
109
16
16
66
99
99
68
68
68
68
68
90
89
66
99
99
68
90
69
91
90
72
68
66
23
81
37
24
124
51
68
19
68
66
110
99
99
90
91
99
69
69
91
66
90
90
99
121
99
90
68
68
87
66
90
68
51
99
28
90
120
98
68
66
68
90
90
99
68
69
99
68
90
66
74
66
53
90
68
69
29
91
94
66
120
51
51
99
107
99
68
90
51
66
66
68
61
90
99
69
69
90
69
66
68
89
98
68
125
90
91
68
63
66
51
69
99
90
19
97
64
68
94
66
69
119
96
69
91
69
90
68
111
66
99
99
14
91
99
94
131
94
90
66
85
99
124
98
51
19
94
110
29
66
68
92
90
90
101
101
119
94
69
66
99
68
90
90
98
98
89
63
131
66
74
51
97
37
109
94
110
51
107
66
90
110
91
68
90
68
94
100
69
66
51
69
127
94
69
98
87
28
92
66
62
98
128
119
128
110
19
94
97
66
121
72
99
96
90
69
100
96
94
66
69
99
69
98
68
99
122
131
29
66
110
103
65
124
64
29
53
29
64
66
68
90
99
118
96
119
96
89
119
66
68
99
68
99
98
125
94
94
99
66
68
23
119
128
119
109
29
119
119
66
68
99
99
99
119
99
99
119
100
66
99
53
99
94
27
27
63
122
122
66
51
128
109
64
97
64
119
64
110
66
69
90
119
119
90
96
128
128
128
66
69
68
99
69
99
98
90
66
99
66
98
99
68
68
99
69
72
69
68
66
72
69
92
89
99
49
83
89
104
66
91
89
69
69
69
98
99
68
72
66
69
98
99
99
51
99
39
98
39
66
99
69
69
39
90
89
92
49
69
66
69
69
119
119
99
69
99
68
68
66
69
69
99
99
99
99
69
69
68
66
69
99
99
99
89
28
92
111
49
66
68
68
72
99
99
99
91
68
99
66
98
99
99
99
29
70
69
72
68
66
110
39
68
69
99
69
89
92
69
66
51
69
66
89
69
69
99
69
66
66
99
90
68
50
70
99
92
97
70
66
89
68
68
69
39
69
69
68
68
66
69
72
69
99
69
69
72
99
98
66
61
110
106
30
95
104
99
131
63
66
32
69
69
99
89
68
99
68
111
66
90
119
99
81
66
68
69
99
99
66
99
69
51
51
89
14
95
104
72
66
69
99
99
99
95
83
99
85
89
66
99
68
68
99
99
85
99
72
68
66
114
51
114
114
41
95
51
70
97
66
90
110
112
28
99
90
111
72
99
66
99
69
90
98
99
69
69
99
85
66
75
94
68
99
131
114
131
41
41
66
99
90
68
99
69
39
39
49
68
66
99
121
99
99
69
68
99
84
68
66
40
93
110
95
99
95
104
95
55
66
99
28
39
114
99
99
91
83
85
66
121
68
87
69
99
68
81
72
68
66
51
98
98
95
95
131
97
97
104
66
99
99
69
90
47
99
85
111
47
66
87
99
41
84
85
69
119
89
72
66
69
61
72
69
45
90
55
90
131
66
99
90
28
90
99
81
90
39
39
66
99
90
99
99
119
41
119
119
85
66
69
40
99
106
69
29
90
55
97
66
69
69
90
45
45
114
49
28
94
66
90
85
69
90
41
81
99
41
41
66
99
98
30
114
104
99
90
66
90
66
51
94
99
130
90
99
28
47
130
66
69
41
119
41
81
119
41
85
119
66
94
99
90
90
68
41
99
68
51
66
99
68
130
91
29
47
47
113
94
66
119
68
85
119
119
119
85
119
119
66
99
90
68
68
99
90
41
51
98
66
69
130
68
87
130
130
130
130
28
66
68
66
66
68
66
71
69
66
91
66
14
68
72
8
14
68
14
75
89
66
120
66
66
99
91
8
8
6
60
66
99
69
51
14
72
58
70
71
66
66
99
8
68
69
69
14
74
14
99
66
8
4
127
98
74
99
43
68
99
66
66
69
66
76
57
66
99
17
70
66
31
8
69
69
6
90
68
86
68
66
8
72
98
89
99
73
69
45
68
66
66
14
68
69
76
70
66
58
72
66
8
69
8
69
99
68
6
68
6
66
68
8
75
127
21
22
90
90
73
66
99
72
68
76
69
51
58
69
59
66
14
89
8
90
69
8
93
69
86
66
99
75
68
4
127
89
69
28
68
66
69
90
76
70
70
72
72
66
68
66
68
69
14
72
72
6
68
68
89
66
8
8
4
46
8
60
68
91
6
66
99
68
68
68
69
69
72
72
90
66
99
69
90
74
68
29
69
6
8
66
72
68
34
8
91
69
26
73
68
66
99
99
99
66
72
68
90
68
87
66
98
14
68
6
68
89
68
99
69
66
99
91
99
90
91
91
99
68
89
66
99
68
99
68
51
99
71
68
71
66
8
90
69
72
8
98
94
8
48
66
99
120
8
99
46
69
90
26
68
66
99
99
74
57
93
99
99
66
66
66
68
68
90
98
68
94
8
69
98
66
68
68
99
90
99
68
60
68
90
66
68
68
98
90
99
68
99
99
93
66
69
89
69
72
68
68
29
98
98
66
69
72
51
99
68
91
73
68
43
66
78
94
68
90
98
68
66
69
90
66
90
69
72
68
98
90
90
99
69
66
99
68
69
91
69
119
41
41
98
66
78
90
99
99
68
66
69
94
68
66
69
90
99
94
93
94
87
69
93
66
99
99
89
22
68
21
68
91
68
66
99
90
90
99
99
98
94
24
92
66
99
98
90
29
29
72
51
94
99
66
68
68
89
89
45
68
98
90
28
66
68
76
76
72
99
68
99
90
24
66
99
99
94
90
90
93
68
29
90
66
72
99
99
68
68
99
28
60
29
66
99
68
69
94
99
66
24
99
92
66
69
29
29
99
94
51
98
93
29
66
99
99
69
69
22
119
90
69
41
