50
83
13
5
5
83
13
5
1
6
50
11
46
11
13
13
89
12
25
25
50
11
13
13
13
11
46
58
58
13
50
68
68
13
13
5
13
1
6
13
50
13
11
11
32
25
11
11
13
89
50
10
58
13
58
13
13
13
92
13
50
6
40
83
57
13
1
52
7
6
50
46
13
13
13
11
11
13
12
13
50
13
13
58
11
83
13
13
13
58
50
2
2
13
2
1
5
7
6
1
50
89
11
80
46
33
13
68
11
12
50
13
52
11
13
19
13
13
13
13
50
13
5
2
47
24
13
24
13
7
50
37
11
11
12
12
24
25
33
11
50
57
83
92
46
13
13
13
11
24
50
57
46
46
13
13
7
83
13
89
50
13
61
24
13
62
62
89
22
38
50
13
13
11
19
58
58
92
81
13
50
42
42
42
40
40
52
13
42
42
50
8
89
28
24
89
25
22
89
33
50
81
11
19
81
13
20
24
13
20
50
38
52
38
42
42
42
42
89
13
50
38
24
33
38
80
31
88
33
62
50
73
13
73
13
34
13
90
13
73
50
73
68
52
73
73
24
89
17
24
50
68
84
63
63
78
39
39
46
22
50
11
63
83
52
52
68
67
55
92
50
53
13
68
73
68
89
52
24
73
50
11
37
89
89
24
22
89
88
22
50
68
52
68
52
46
52
20
52
68
50
53
53
73
68
34
68
53
68
68
50
38
32
89
39
68
33
62
68
46
50
53
73
52
52
68
53
53
20
52
50
68
73
52
73
73
73
17
34
31
50
73
89
38
38
89
68
28
22
33
50
73
52
52
52
53
86
53
68
86
50
52
18
38
68
68
73
68
68
68
50
89
38
22
88
28
88
31
33
39
50
38
38
89
68
52
68
53
53
68
50
18
38
68
68
68
34
73
89
52
50
32
88
34
22
31
46
46
28
73
50
61
53
73
83
68
90
86
53
53
50
73
68
52
89
89
70
68
73
72
50
88
32
88
68
22
28
24
62
88
50
53
52
68
52
91
68
68
86
52
50
38
52
18
18
73
72
34
68
17
50
84
68
61
28
88
89
33
39
28
50
68
53
52
38
52
68
73
68
68
50
52
9
57
57
84
9
84
9
67
50
53
36
63
66
66
13
57
89
57
50
65
35
35
53
35
53
31
93
13
50
85
67
67
9
9
57
67
80
9
50
10
63
8
89
89
6
13
13
89
50
13
93
65
57
73
91
52
91
13
50
13
57
82
67
82
85
82
67
85
50
37
81
68
8
8
83
67
57
67
50
73
65
40
67
73
35
93
31
52
50
80
82
9
81
57
82
9
84
84
50
68
8
6
67
63
83
89
3
13
50
52
52
52
35
65
53
91
70
69
50
50
86
81
82
85
84
78
85
57
50
63
68
73
73
13
8
65
72
23
50
40
53
73
40
40
31
35
40
70
50
57
57
68
52
67
68
57
13
80
50
38
67
66
73
53
89
8
13
13
50
52
52
57
93
57
52
27
68
34
50
55
81
73
86
81
80
68
67
55
50
66
66
38
11
61
53
61
67
68
50
57
13
93
73
93
89
68
55
51
50
73
84
86
85
86
55
80
82
73
50
73
57
11
53
52
61
68
68
67
50
39
73
55
57
73
93
70
68
52
50
84
73
73
73
67
53
52
73
67
50
68
68
65
61
68
67
3
65
52
50
73
57
68
73
52
73
73
73
93
50
67
34
52
53
52
52
72
86
82
50
37
11
38
6
83
68
21
68
60
50
52
52
73
52
73
52
57
27
52
50
86
52
73
84
52
67
73
68
92
50
50
89
53
61
6
52
61
21
21
50
52
52
73
68
52
52
52
52
73
50
68
68
85
68
52
88
88
67
68
50
68
61
21
68
68
61
68
60
73
50
52
68
73
73
82
68
73
53
73
50
73
88
73
67
88
67
73
92
67
50
73
52
52
73
72
60
73
53
68
50
68
52
52
53
68
73
73
51
68
50
68
53
67
52
68
86
67
72
68
50
68
73
73
52
21
21
73
68
88
50
52
68
73
52
73
73
73
53
57
50
55
73
88
88
53
68
86
68
88
50
68
52
52
68
68
68
60
65
72
50
73
73
68
68
72
68
53
73
90
50
88
67
84
73
73
92
92
88
86
50
73
68
61
21
73
68
68
68
68
50
68
73
73
52
73
73
68
92
92
50
73
53
53
53
52
55
53
53
38
50
73
52
52
73
73
73
73
68
68
50
55
73
52
53
52
53
73
73
53
50
73
53
52
73
68
53
73
68
68
50
73
73
38
73
77
52
73
68
53
50
50
52
73
73
68
73
53
52
52
50
73
53
55
52
73
68
53
55
25
50
79
34
73
73
68
68
68
52
55
50
73
73
68
53
53
68
73
73
73
50
73
53
53
53
68
73
56
73
73
50
89
53
73
68
73
73
68
52
53
50
53
10
52
73
53
68
53
53
63
50
53
52
73
53
73
73
68
39
73
50
73
73
73
38
73
55
68
91
73
50
73
73
52
52
55
55
53
73
68
50
50
73
11
68
53
25
68
53
55
50
73
91
73
73
68
52
53
68
68
50
73
73
10
52
73
17
68
53
26
50
53
55
73
53
25
69
53
35
73
50
68
73
68
89
55
73
52
70
68
50
52
52
73
10
53
73
53
73
73
50
73
73
73
52
73
73
68
53
53
50
53
38
53
68
68
82
91
69
89
50
73
52
73
55
13
92
73
52
73
50
53
55
55
55
53
53
55
52
56
50
53
68
73
73
20
68
68
89
91
50
53
68
53
53
53
73
73
53
73
50
11
35
53
53
53
16
53
25
55
50
38
73
18
22
73
52
20
70
76
50
57
68
29
68
73
73
26
38
53
50
40
53
73
25
16
73
37
73
53
50
68
68
34
73
52
68
68
20
68
50
50
53
53
52
68
53
53
52
84
50
52
68
53
68
73
38
15
55
41
50
68
73
77
68
68
20
76
68
87
50
52
29
53
34
73
33
68
22
17
50
29
88
88
22
53
56
68
56
15
50
73
29
68
73
31
91
87
55
73
50
59
34
34
52
33
51
38
33
33
50
52
73
68
88
55
41
88
53
73
50
73
68
68
77
73
89
33
38
70
50
13
52
73
51
51
53
33
26
73
50
52
18
22
41
41
68
41
41
39
50
68
79
73
70
89
38
68
76
20
50
34
68
52
73
52
73
73
68
52
50
89
41
41
53
88
88
25
15
53
50
34
68
53
68
70
77
89
87
33
50
53
68
52
53
53
53
22
51
52
50
38
73
52
52
68
52
55
68
52
50
73
35
35
38
52
67
53
82
53
50
52
73
73
73
52
68
52
53
53
50
68
52
52
68
52
73
52
52
52
50
50
67
73
50
29
52
73
52
14
50
52
73
73
52
53
52
53
68
52
50
52
52
68
68
67
68
52
52
68
50
70
73
18
35
53
11
73
53
52
50
52
52
53
73
52
52
73
68
68
50
73
68
73
52
73
52
68
53
52
50
52
47
73
52
73
53
52
57
82
50
73
52
73
52
52
68
53
53
68
50
52
73
73
52
68
73
68
52
53
50
61
52
52
73
35
53
68
53
53
50
73
73
52
73
52
68
68
53
68
50
53
73
68
68
52
67
52
67
68
50
38
27
73
82
73
81
82
13
13
50
73
73
52
52
52
52
52
68
68
50
73
73
52
68
53
68
68
55
52
50
18
61
27
18
91
38
52
14
52
50
82
73
73
68
68
73
53
53
68
50
68
68
73
89
73
68
52
52
67
50
68
52
38
73
22
68
89
73
52
50
52
68
68
73
52
53
73
52
68
50
57
50
40
68
52
53
22
68
70
50
89
38
38
73
81
73
52
68
38
50
50
52
46
68
73
53
53
68
53
50
52
68
73
52
91
68
68
52
47
50
38
53
73
68
14
72
48
52
70
50
53
88
72
53
68
53
68
52
83
50
73
73
11
68
73
70
95
70
68
50
65
73
91
73
38
14
70
82
22
50
52
68
68
68
75
75
88
70
53
50
73
52
68
68
73
73
68
47
95
50
57
38
72
27
82
70
82
38
81
50
68
82
68
52
68
52
70
74
53
50
38
53
92
70
53
73
67
22
68
50
47
73
92
88
92
82
14
70
72
50
89
55
73
72
68
53
74
72
70
50
53
73
53
73
52
73
90
95
22
50
82
77
49
91
48
22
40
22
48
50
52
68
73
87
72
88
72
68
88
50
52
73
52
73
73
91
70
70
73
50
52
18
88
92
88
82
22
88
88
50
52
73
73
73
88
73
73
88
74
50
73
40
73
70
21
21
47
90
90
50
38
92
82
48
72
48
88
48
82
50
53
68
88
88
68
72
92
92
92
50
53
52
73
53
73
73
68
50
73
50
73
73
52
52
73
53
55
53
52
50
55
53
68
68
73
37
63
68
78
50
68
68
53
53
53
73
73
52
55
50
53
73
73
73
38
73
29
73
29
50
73
53
53
29
68
68
68
37
53
50
53
53
88
88
73
53
73
52
52
50
53
53
73
73
73
73
53
53
52
50
53
73
73
73
68
22
68
83
37
50
52
52
55
73
73
73
68
52
73
50
73
73
73
73
22
54
53
55
52
50
82
29
52
53
73
53
68
68
53
50
38
53
50
68
53
53
73
53
50
50
73
68
52
38
54
73
68
72
54
50
68
52
52
53
29
53
53
52
52
50
53
55
53
73
53
53
55
73
73
50
46
82
80
23
71
78
73
95
47
50
24
53
53
73
68
52
73
52
83
50
68
88
73
61
50
52
53
73
73
50
73
53
38
38
68
11
71
78
55
50
53
73
73
73
71
63
73
65
68
50
73
52
52
73
73
65
73
55
52
50
84
38
84
84
30
71
38
54
72
50
68
82
83
22
73
68
83
55
73
50
73
53
68
73
73
53
53
73
65
50
57
70
52
73
95
84
95
30
30
50
73
68
52
73
53
29
29
37
52
50
73
89
73
73
53
52
73
64
52
50
29
69
82
71
73
71
78
71
42
50
73
22
29
84
73
73
68
63
65
50
89
52
67
53
73
52
61
55
52
50
38
73
73
71
71
95
72
72
78
50
73
73
53
68
36
73
65
83
36
50
67
73
30
64
65
53
88
68
55
50
53
46
55
53
34
68
42
68
95
50
73
68
22
68
73
61
68
29
29
50
73
68
73
73
88
30
88
88
65
50
53
29
73
80
53
22
68
42
72
50
53
53
68
34
34
84
37
22
70
50
68
65
53
68
30
61
73
30
30
50
73
73
23
84
78
73
68
50
68
50
38
70
73
94
68
73
22
36
94
50
53
30
88
30
61
88
30
65
88
50
70
73
68
68
52
30
73
52
38
50
73
52
94
68
22
36
36
84
70
50
88
52
65
88
88
88
65
88
88
50
73
68
52
52
73
68
30
38
73
50
53
94
52
67
94
94
94
94
22
50
52
50
50
52
50
55
53
50
68
50
11
52
55
6
11
52
11
57
68
50
89
50
50
73
68
6
6
5
46
50
73
53
38
11
55
44
54
55
50
50
73
6
52
53
53
11
57
11
73
50
6
4
92
73
57
73
32
52
73
50
50
53
50
57
43
50
73
13
54
50
23
6
53
53
5
68
52
66
52
50
6
55
73
68
73
56
53
34
52
50
50
11
52
53
57
54
50
44
55
50
6
53
6
53
73
52
5
52
5
50
52
6
57
92
16
17
68
68
56
50
73
55
52
57
53
38
44
53
45
50
11
68
6
68
53
6
69
53
66
50
73
57
52
4
92
68
53
22
52
50
53
68
57
54
54
55
55
50
52
50
52
53
11
55
55
5
52
52
68
50
6
6
4
35
6
46
52
68
5
50
73
52
52
52
53
53
55
55
68
50
73
53
68
57
52
22
53
5
6
50
55
52
25
6
68
53
20
56
52
50
73
73
73
50
55
52
68
52
67
50
73
11
52
5
52
68
52
73
53
50
73
68
73
68
68
68
73
52
68
50
73
52
73
52
38
73
55
52
55
50
6
68
53
55
6
73
70
6
36
50
73
89
6
73
35
53
68
20
52
50
73
73
57
43
69
73
73
50
50
50
52
52
68
73
52
70
6
53
73
50
52
52
73
68
73
52
46
52
68
50
52
52
73
68
73
52
73
73
69
50
53
68
53
55
52
52
22
73
73
50
53
55
38
73
52
68
56
52
32
50
59
70
52
68
73
52
50
53
68
50
68
53
55
52
73
68
68
73
53
50
73
52
53
68
53
88
30
30
73
50
59
68
73
73
52
50
53
70
52
50
53
68
73
70
69
70
67
53
69
50
73
73
68
17
52
16
52
68
52
50
73
68
68
73
73
73
70
18
68
50
73
73
68
22
22
55
38
70
73
50
52
52
68
68
34
52
73
68
22
50
52
57
57
55
73
52
73
68
18
50
73
73
70
68
68
69
52
22
68
50
55
73
73
52
52
73
22
46
22
50
73
52
53
70
73
50
18
73
68
50
53
22
22
73
70
38
73
69
22
50
73
73
53
53
17
88
68
53
30
