34
61
32
37
37
50
41
37
25
49
34
56
60
63
63
56
43
63
56
56
34
53
41
35
50
35
60
36
36
35
34
25
35
35
41
37
50
25
49
50
34
56
40
63
64
56
63
63
56
46
34
41
36
46
36
29
35
35
3
40
34
37
17
50
50
35
25
34
18
35
34
61
56
56
56
63
63
46
63
56
34
46
46
36
35
50
46
35
29
36
34
25
25
17
25
25
37
18
35
25
34
16
63
62
60
64
46
54
63
63
34
35
53
29
29
41
29
29
46
29
34
32
37
25
61
32
35
32
41
18
34
54
63
63
63
63
31
56
64
63
34
35
50
64
62
50
32
43
35
40
34
17
61
61
35
41
18
50
50
43
34
12
60
63
40
4
4
46
25
34
34
46
46
35
41
36
36
3
59
35
34
64
64
23
18
18
34
35
23
23
34
56
54
56
31
16
56
25
46
64
34
62
35
41
62
46
41
35
35
41
34
27
35
35
23
23
23
23
43
35
34
54
63
64
34
62
64
45
64
4
34
50
35
60
46
64
35
64
35
60
34
53
34
52
34
61
32
43
35
32
34
11
63
7
59
63
4
4
60
31
34
35
7
41
34
34
34
34
35
3
34
52
32
53
44
54
43
43
32
4
34
54
64
16
34
31
25
54
45
25
34
43
54
43
34
60
34
41
34
35
34
34
35
53
53
33
34
35
34
35
34
64
34
46
4
54
64
4
4
60
34
35
3
34
35
11
27
35
41
34
34
43
34
30
35
34
54
35
43
43
34
54
34
64
16
46
54
43
31
64
34
54
53
11
11
34
45
52
34
45
34
43
32
43
44
34
51
48
34
34
34
54
54
64
45
11
45
64
54
4
34
54
54
54
34
34
27
34
34
34
34
32
44
35
53
48
33
61
48
53
34
64
16
4
40
64
60
60
43
4
34
7
43
35
50
34
64
51
52
44
34
44
30
35
43
43
4
34
61
48
34
16
64
16
58
40
43
31
4
7
34
44
11
35
34
60
34
27
51
34
34
34
44
32
32
44
48
33
53
35
34
63
51
44
53
45
54
64
4
43
34
27
35
35
62
34
33
33
33
33
34
11
38
37
37
63
15
63
15
19
34
52
35
45
51
51
50
58
43
44
34
9
43
43
27
43
34
5
48
43
34
16
9
9
15
15
44
19
59
15
34
50
51
35
43
43
52
50
50
43
34
54
61
9
44
44
54
35
54
9
34
58
37
10
19
10
63
10
19
63
34
35
56
37
35
35
35
51
58
51
34
54
9
64
58
34
43
48
4
8
34
60
10
38
59
37
10
15
63
63
34
44
35
52
7
7
54
43
40
50
34
54
52
44
43
9
51
54
45
34
34
58
51
59
10
63
63
63
63
35
34
7
51
44
35
50
35
44
38
40
34
43
44
44
61
58
45
43
43
27
34
37
58
8
52
19
8
44
35
59
34
34
7
51
37
58
43
35
35
35
34
52
44
49
61
52
51
9
16
64
34
52
62
54
51
59
59
8
45
34
34
51
51
43
50
51
44
7
51
51
34
52
58
61
44
48
9
34
34
44
34
8
54
51
63
7
34
59
10
8
34
35
44
50
34
53
7
51
51
51
34
54
34
43
27
43
48
44
34
34
34
16
54
52
56
54
34
52
16
20
34
53
43
51
51
7
51
52
51
8
34
35
49
34
43
52
49
53
35
48
34
9
63
44
8
44
34
5
7
10
34
50
50
35
52
35
27
42
34
7
34
52
34
34
34
44
16
49
9
51
34
16
8
51
63
8
45
52
8
24
34
35
43
35
7
52
51
51
42
42
34
52
44
44
34
34
54
8
53
52
34
44
11
63
27
53
16
16
45
43
34
61
7
35
27
27
51
27
7
35
34
35
34
43
43
37
34
44
52
35
34
8
16
24
54
9
19
35
24
45
34
44
51
27
44
34
7
8
35
34
34
44
51
52
35
34
43
34
44
43
34
44
35
9
44
24
51
45
5
5
34
37
16
44
53
42
42
35
8
43
34
54
44
35
43
35
43
43
51
12
34
35
44
9
16
54
4
51
35
16
34
35
51
35
44
45
34
7
9
27
34
54
43
34
30
44
44
51
43
54
34
16
9
63
43
52
24
24
16
7
34
34
44
7
42
16
27
51
26
27
34
51
34
27
35
64
9
43
49
49
34
34
52
11
52
52
51
8
54
6
34
44
11
11
34
34
52
35
34
11
34
43
53
52
11
9
9
34
11
57
34
44
52
53
44
16
43
44
53
43
34
51
44
64
28
64
44
53
27
34
34
53
11
51
9
43
11
9
34
11
34
52
53
51
35
54
43
51
53
58
34
62
54
44
34
11
27
28
35
53
34
11
44
34
53
43
11
11
34
52
34
53
54
43
44
43
34
34
44
35
34
51
54
54
58
28
34
53
27
51
34
11
35
51
51
44
35
51
9
64
34
43
53
54
54
16
54
52
58
52
34
44
44
27
27
54
34
34
38
51
34
44
53
51
35
51
34
57
11
51
34
54
54
56
34
44
56
34
54
51
34
34
58
52
27
34
28
27
27
34
34
54
54
41
44
11
35
52
57
2
34
11
35
52
53
56
34
34
6
34
34
46
54
27
4
53
54
52
54
27
34
8
51
53
29
11
51
54
34
35
34
52
53
52
44
44
44
51
51
54
34
16
64
35
27
44
20
58
27
4
34
54
11
52
51
32
60
34
52
34
34
44
52
51
51
52
51
51
34
34
34
34
35
27
34
32
44
54
4
38
34
11
11
53
57
57
11
11
44
34
34
56
8
52
52
34
39
16
58
34
34
34
34
32
32
34
53
32
27
22
34
53
53
12
44
51
34
2
53
9
34
64
52
51
56
39
35
58
53
51
34
44
44
46
52
52
27
27
32
54
34
53
53
57
51
60
57
34
35
34
34
34
44
52
51
43
43
39
51
6
34
58
54
64
27
58
32
64
27
20
34
53
38
11
50
35
64
3
32
32
34
35
16
16
41
43
34
34
34
39
34
44
32
64
54
50
58
20
53
51
34
53
64
50
52
64
2
53
64
64
34
54
53
51
6
51
6
6
9
44
34
11
51
43
64
8
4
64
64
27
34
41
35
51
2
2
11
64
2
43
34
34
41
50
6
6
43
6
6
64
34
44
62
34
54
4
64
44
64
32
34
64
43
51
44
51
51
35
3
43
34
16
64
51
54
6
6
58
39
9
34
54
27
51
44
27
64
4
20
64
34
11
43
8
43
11
11
35
11
34
34
51
34
34
35
44
9
34
51
44
34
44
4
4
51
35
9
9
53
9
34
11
54
53
43
43
43
52
51
54
34
51
44
9
44
35
30
54
11
43
34
58
9
54
52
54
34
60
52
14
34
9
35
35
44
53
9
53
9
43
34
52
34
11
44
51
43
43
11
9
34
11
54
12
4
11
58
34
35
35
34
52
9
35
9
9
44
43
54
44
34
34
27
52
34
43
44
11
51
43
34
54
27
43
51
44
9
43
28
53
34
35
53
35
54
35
44
54
9
9
34
34
51
11
27
11
51
9
43
8
34
7
51
51
43
9
43
3
9
28
34
53
27
9
9
44
44
9
43
34
34
35
27
44
11
28
51
11
51
27
34
51
14
44
53
9
60
53
3
3
34
27
35
16
9
9
51
9
54
9
34
11
35
35
51
53
11
44
34
51
34
10
7
14
10
11
51
53
14
30
34
53
52
44
44
9
51
54
51
54
34
27
60
44
4
34
27
51
8
51
34
58
11
34
44
10
54
51
59
44
34
51
33
52
51
54
44
9
34
54
34
35
27
64
44
9
34
40
43
4
34
16
34
51
43
59
34
43
3
51
34
35
9
61
44
44
53
51
44
9
34
43
27
16
9
60
27
43
43
27
34
40
44
54
3
14
21
3
44
48
34
34
54
33
51
43
9
44
54
33
34
53
34
43
11
27
27
5
4
34
34
7
44
11
54
51
14
48
5
50
34
54
53
44
30
1
1
45
3
51
34
54
27
44
60
3
27
53
27
5
34
53
51
3
14
53
48
5
51
59
34
35
53
9
35
51
9
45
1
51
34
27
58
60
27
44
3
51
40
43
34
27
54
3
9
3
5
14
48
21
34
54
34
43
33
44
54
1
33
3
34
9
9
43
27
54
43
3
5
50
34
3
62
33
11
27
50
3
50
3
34
34
44
35
1
33
45
33
9
45
34
34
54
44
43
44
60
27
27
34
34
51
12
9
3
9
53
50
7
7
34
16
53
43
44
45
54
51
45
1
34
35
64
34
4
4
64
27
3
3
34
16
3
4
27
21
3
7
3
5
34
52
44
45
45
44
33
25
25
3
34
52
11
35
34
52
27
8
51
35
34
27
54
9
54
45
53
43
53
11
34
54
9
44
54
44
50
9
9
10
34
54
8
54
51
35
35
8
35
11
34
43
27
34
51
53
43
50
44
50
34
52
44
9
11
44
9
4
50
9
34
52
11
9
9
8
34
27
8
11
34
54
35
34
44
51
27
51
51
35
34
43
44
27
27
4
40
3
10
50
34
54
53
52
35
11
43
34
34
44
34
3
44
35
35
64
32
53
43
35
34
58
16
52
52
52
54
9
3
51
34
56
44
54
52
51
35
11
34
51
34
52
34
35
56
32
51
9
54
32
34
52
44
9
51
11
9
44
44
52
34
51
53
51
8
30
53
34
27
48
34
61
34
61
62
5
50
51
5
20
34
56
51
50
54
9
43
28
28
21
34
44
9
54
45
35
11
53
43
9
34
8
53
53
53
28
53
20
41
43
34
51
30
52
44
10
9
51
4
9
34
44
11
8
44
34
20
11
34
8
34
43
53
64
50
10
5
53
32
54
34
11
58
58
40
11
3
10
11
9
34
34
52
51
34
16
16
52
35
20
34
34
5
28
35
5
50
5
10
10
34
53
27
11
9
51
11
11
51
38
34
44
16
11
8
51
34
34
20
34
34
64
34
5
20
43
5
41
20
64
34
52
40
11
10
9
44
4
9
8
34
16
54
45
35
27
8
45
11
51
34
34
8
5
5
5
5
5
5
41
34
34
44
51
28
16
48
44
21
51
34
7
44
22
20
1
51
6
11
51
34
35
61
53
53
50
9
64
44
5
34
52
44
40
44
44
45
52
11
11
34
16
52
8
11
6
47
16
16
5
34
35
56
54
3
53
64
32
64
5
34
52
30
27
50
50
10
50
40
44
34
44
9
51
53
47
45
35
47
22
34
44
3
64
50
50
51
28
50
28
34
53
45
34
22
45
28
40
51
22
34
54
47
16
22
45
6
22
4
16
34
58
43
51
28
9
10
44
51
53
34
54
43
47
11
40
51
51
53
3
34
47
54
20
16
6
16
20
6
6
34
34
44
54
51
51
28
64
53
45
34
52
47
51
51
22
22
22
22
40
34
53
63
34
11
34
16
53
2
8
34
58
11
43
11
12
52
46
37
43
34
53
54
43
8
8
42
42
42
61
34
44
58
12
12
16
13
53
16
34
34
51
55
46
43
46
12
20
46
44
34
52
52
5
34
53
8
64
34
43
34
53
8
63
12
13
44
44
58
34
34
56
55
43
4
55
49
46
20
35
34
42
52
54
35
8
53
8
64
8
34
34
12
16
8
12
34
2
13
54
34
38
54
55
43
34
11
55
46
55
34
52
56
35
5
38
56
8
49
53
34
44
11
51
58
44
12
13
44
13
34
58
44
11
52
43
11
16
54
20
34
51
34
35
38
5
54
43
10
34
34
53
16
12
34
34
12
11
34
51
34
34
43
46
11
11
49
52
43
34
34
56
42
52
54
42
5
34
8
42
34
44
51
43
51
8
43
53
54
34
34
54
11
43
46
43
64
54
55
11
34
53
43
56
42
27
51
38
53
34
34
30
44
44
54
54
51
52
51
44
34
54
46
11
55
52
34
52
49
54
34
8
9
44
8
52
54
53
34
8
34
16
11
43
52
12
43
16
27
16
34
52
54
43
11
11
4
51
11
46
34
35
43
42
52
4
43
49
38
51
34
34
54
44
13
44
43
52
54
54
34
27
11
43
51
53
51
11
9
58
34
53
51
53
51
43
8
5
53
44
34
52
11
3
16
43
44
11
8
44
34
54
34
11
34
44
53
64
3
51
34
54
51
51
54
35
34
53
43
64
34
44
3
44
44
3
54
54
8
20
34
34
43
11
44
51
54
44
51
53
34
54
11
51
54
35
64
47
47
34
34
35
58
16
54
51
34
8
20
8
34
51
51
43
4
16
49
9
53
16
34
53
52
51
56
44
38
53
34
34
34
44
44
44
44
44
3
3
12
2
34
43
43
43
64
64
11
34
53
11
34
53
53
8
52
64
34
34
51
10
34
53
16
16
11
43
43
43
34
12
34
34
44
51
16
53
16
34
64
44
34
53
8
44
35
35
35
10
61
25
34
44
16
11
3
43
8
12
34
30
34
52
56
64
44
4
53
44
16
64
34
54
44
8
51
56
4
34
8
47
