35
60
9
4
4
60
9
4
1
4
35
8
31
8
9
9
65
9
18
18
35
8
9
9
9
8
31
39
39
9
35
47
47
9
9
4
9
1
4
9
35
9
8
8
23
18
8
8
9
65
35
7
39
9
39
9
9
9
67
9
35
4
26
60
38
9
1
36
5
4
35
31
9
9
9
8
8
9
9
9
35
9
9
39
8
60
9
9
9
39
35
1
1
9
1
1
4
5
4
1
35
65
8
57
31
23
9
47
8
9
35
9
36
8
9
13
9
9
9
9
35
9
4
1
32
17
9
17
9
5
35
25
8
8
9
9
17
18
23
8
35
38
60
67
31
9
9
9
8
17
35
38
31
31
9
9
5
60
9
65
35
9
41
17
9
42
42
65
15
25
35
9
9
8
13
39
39
67
58
9
35
28
28
28
26
26
36
9
28
28
35
6
65
21
17
65
18
15
65
23
35
58
8
13
58
9
13
17
9
13
35
25
36
25
28
28
28
28
65
9
35
25
17
23
25
57
22
64
23
42
35
50
9
50
9
23
9
66
9
50
35
50
47
36
50
50
17
65
12
17
35
47
61
43
43
55
26
26
31
15
35
8
43
60
36
36
47
46
36
67
35
36
9
47
50
47
65
36
17
50
35
8
25
65
65
17
15
65
64
15
35
47
36
47
36
31
36
13
36
47
35
36
36
50
47
23
47
36
47
47
35
25
23
65
26
47
23
42
47
31
35
36
50
36
36
47
36
36
13
36
35
47
50
36
50
50
50
12
23
22
35
50
65
25
25
65
47
21
15
23
35
50
36
36
36
36
63
36
47
63
35
36
12
25
47
47
50
47
47
47
35
65
25
15
64
21
64
22
23
26
35
25
25
65
47
36
47
36
36
47
35
12
25
47
47
47
23
50
65
36
35
23
64
23
15
22
31
31
21
50
35
41
36
50
60
47
66
63
36
36
35
50
47
36
65
65
48
47
50
50
35
64
23
64
47
15
21
17
42
64
35
36
36
47
36
66
47
47
63
36
35
25
36
12
12
50
50
23
47
12
35
61
47
41
21
64
65
23
26
21
35
47
36
36
25
36
47
50
47
47
35
36
7
38
38
61
7
61
7
46
35
36
24
43
45
45
9
38
65
38
35
44
24
24
36
24
36
22
68
9
35
62
46
46
7
7
38
46
57
7
35
7
43
6
65
65
4
9
9
65
35
9
68
44
38
50
66
36
66
9
35
9
38
59
46
59
62
59
46
62
35
25
58
47
6
6
60
46
38
46
35
50
44
26
46
50
24
68
22
36
35
57
59
7
58
38
59
7
61
61
35
47
6
4
46
43
60
65
2
9
35
36
36
36
24
44
36
66
48
48
35
35
63
58
59
62
61
55
62
38
35
43
47
50
50
9
6
44
50
16
35
26
36
50
26
26
22
24
26
48
35
38
38
47
36
46
47
38
9
57
35
25
46
45
50
36
65
6
9
9
35
36
36
38
68
38
36
20
47
23
35
36
58
50
63
58
57
47
46
36
35
45
45
25
8
41
36
41
46
47
35
38
9
68
50
68
65
47
36
35
35
50
61
63
62
63
36
57
59
50
35
50
38
8
36
36
41
47
47
46
35
26
50
36
38
50
68
48
47
36
35
61
50
50
50
46
36
36
50
46
35
47
47
44
41
47
46
2
44
36
35
50
38
47
50
36
50
50
50
68
35
46
23
36
36
36
36
50
63
59
35
25
8
25
4
60
47
14
47
41
35
36
36
50
36
50
36
38
20
36
35
63
36
50
61
36
46
50
47
67
35
35
65
36
41
4
36
41
14
14
35
36
36
50
47
36
36
36
36
50
35
47
47
62
47
36
64
64
46
47
35
47
41
14
47
47
41
47
41
50
35
36
47
50
50
59
47
50
36
50
35
50
64
50
46
64
46
50
67
46
35
50
36
36
50
50
41
50
36
47
35
47
36
36
36
47
50
50
35
47
35
47
36
46
36
47
63
46
50
47
35
47
50
50
36
14
14
50
47
64
35
36
47
50
36
50
50
50
36
38
35
36
50
64
64
36
47
63
47
64
35
47
36
36
47
47
47
41
44
50
35
50
50
47
47
50
47
36
50
66
35
64
46
61
50
50
67
67
64
63
35
50
47
41
14
50
47
47
47
47
35
47
50
50
36
50
50
47
67
67
35
50
36
36
36
36
36
36
36
25
35
50
36
36
50
50
50
50
47
47
35
36
50
36
36
36
36
50
50
36
35
50
36
36
50
47
36
50
47
47
35
50
50
25
50
54
36
50
47
36
35
35
36
50
50
47
50
36
36
36
35
50
36
36
36
50
47
36
36
18
35
56
23
50
50
47
47
47
36
36
35
50
50
47
36
36
47
50
50
50
35
50
36
36
36
47
50
37
50
50
35
65
36
50
47
50
50
47
36
36
35
36
7
36
50
36
47
36
36
43
35
36
36
50
36
50
50
47
26
50
35
50
50
50
25
50
36
47
66
50
35
50
50
36
36
36
36
36
50
47
35
35
50
8
47
36
18
47
36
36
35
50
66
50
50
47
36
36
47
47
35
50
50
7
36
50
12
47
36
19
35
36
36
50
36
18
48
36
24
50
35
47
50
47
65
36
50
36
48
47
35
36
36
50
7
36
50
36
50
50
35
50
50
50
36
50
50
47
36
36
35
36
25
36
47
47
59
66
48
65
35
50
36
50
36
9
67
50
36
50
35
36
36
36
36
36
36
36
36
37
35
36
47
50
50
13
47
47
65
66
35
36
47
36
36
36
50
50
36
50
35
8
24
36
36
36
11
36
18
36
35
25
50
12
15
50
36
13
48
53
35
38
47
21
47
50
50
19
25
36
35
26
36
50
18
11
50
25
50
36
35
47
47
23
50
36
47
47
13
47
35
35
36
36
36
47
36
36
36
61
35
36
47
36
47
50
25
11
36
27
35
47
50
54
47
47
13
53
47
63
35
36
21
36
23
50
23
47
15
12
35
21
64
64
15
36
37
47
37
11
35
50
21
47
50
22
66
63
36
50
35
40
23
23
36
23
35
25
23
23
35
36
50
47
64
36
27
64
36
50
35
50
47
47
54
50
65
23
25
48
35
9
36
50
35
35
36
23
19
50
35
36
12
15
27
27
47
27
27
26
35
47
56
50
48
65
25
47
53
13
35
23
47
36
50
36
50
50
47
36
35
65
27
27
36
64
64
18
11
36
35
23
47
36
47
48
54
65
63
23
35
36
47
36
36
36
36
15
35
36
35
25
50
36
36
47
36
36
47
36
35
50
24
24
25
36
46
36
59
36
35
36
50
50
50
36
47
36
36
36
35
47
36
36
47
36
50
36
36
36
35
35
46
50
35
21
36
50
36
10
35
36
50
50
36
36
36
36
47
36
35
36
36
47
47
46
47
36
36
47
35
48
50
12
24
36
8
50
36
36
35
36
36
36
50
36
36
50
47
47
35
50
47
50
36
50
36
47
36
36
35
36
32
50
36
50
36
36
38
59
35
50
36
50
36
36
47
36
36
47
35
36
50
50
36
47
50
47
36
36
35
41
36
36
50
24
36
47
36
36
35
50
50
36
50
36
47
47
36
47
35
36
50
47
47
36
46
36
46
47
35
25
20
50
59
50
58
59
9
9
35
50
50
36
36
36
36
36
47
47
35
50
50
36
47
36
47
47
36
36
35
12
41
20
12
66
25
36
10
36
35
59
50
50
47
47
50
36
36
47
35
47
47
50
65
50
47
36
36
46
35
47
36
25
50
15
47
65
50
36
35
36
47
47
50
36
36
50
36
47
35
38
35
26
47
36
36
15
47
48
35
65
25
25
50
58
50
36
47
25
35
35
36
31
47
50
36
36
47
36
35
36
47
50
36
66
47
47
36
32
35
25
36
50
47
10
50
33
36
48
35
36
64
50
36
47
36
47
36
60
35
50
50
8
47
50
48
69
48
47
35
44
50
66
50
25
10
48
59
15
35
36
47
47
47
52
52
64
48
36
35
50
36
47
47
50
50
47
32
69
35
38
25
50
20
59
48
59
25
58
35
47
59
47
36
47
36
48
51
36
35
25
36
67
48
36
50
46
15
47
35
32
50
67
64
67
59
10
48
50
35
65
36
50
50
47
36
51
50
48
35
36
50
36
50
36
50
66
69
15
35
59
54
34
66
33
15
26
15
33
35
36
47
50
63
50
64
50
47
64
35
36
50
36
50
50
66
48
48
50
35
36
12
64
67
64
59
15
64
64
35
36
50
50
50
64
50
50
64
51
35
50
26
50
48
14
14
32
66
66
35
25
67
59
33
50
33
64
33
59
35
36
47
64
64
47
50
67
67
67
35
36
36
50
36
50
50
47
35
50
35
50
50
36
36
50
36
36
36
36
35
36
36
47
47
50
25
43
47
55
35
47
47
36
36
36
50
50
36
36
35
36
50
50
50
25
50
21
50
21
35
50
36
36
21
47
47
47
25
36
35
36
36
64
64
50
36
50
36
36
35
36
36
50
50
50
50
36
36
36
35
36
50
50
50
47
15
47
60
25
35
36
36
36
50
50
50
47
36
50
35
50
50
50
50
15
36
36
36
36
35
59
21
36
36
50
36
47
47
36
35
25
36
35
47
36
36
50
36
35
35
50
47
36
25
36
50
47
50
36
35
47
36
36
36
21
36
36
36
36
35
36
36
36
50
36
36
36
50
50
35
31
59
57
16
49
55
50
69
32
35
17
36
36
50
47
36
50
36
60
35
47
64
50
41
35
36
36
50
50
35
50
36
25
25
47
8
49
55
36
35
36
50
50
50
49
43
50
44
47
35
50
36
36
50
50
44
50
36
36
35
61
25
61
61
22
49
25
36
50
35
47
59
60
15
50
47
60
36
50
35
50
36
47
50
50
36
36
50
44
35
38
48
36
50
69
61
69
22
22
35
50
47
36
50
36
21
21
25
36
35
50
65
50
50
36
36
50
44
36
35
21
48
59
49
50
49
55
49
28
35
50
15
21
61
50
50
47
43
44
35
65
36
46
36
50
36
41
36
36
35
25
50
50
49
49
69
50
50
55
35
50
50
36
47
24
50
44
60
24
35
46
50
22
44
44
36
64
47
36
35
36
31
36
36
23
47
28
47
69
35
50
47
15
47
50
41
47
21
21
35
50
47
50
50
64
22
64
64
44
35
36
21
50
57
36
15
47
28
50
35
36
36
47
23
23
61
25
15
48
35
47
44
36
47
22
41
50
22
22
35
50
50
16
61
55
50
47
35
47
35
25
48
50
69
47
50
15
24
69
35
36
22
64
22
41
64
22
44
64
35
48
50
47
47
36
22
50
36
25
35
50
36
69
47
15
24
24
61
48
35
64
36
44
64
64
64
44
64
64
35
50
47
36
36
50
47
22
25
50
35
36
69
36
46
69
69
69
69
15
35
36
35
35
36
35
36
36
35
47
35
8
36
36
4
8
36
8
38
47
35
65
35
35
50
47
4
4
4
31
35
50
36
25
8
36
29
36
36
35
35
50
4
36
36
36
8
38
8
50
35
4
3
67
50
38
50
23
36
50
35
35
36
35
38
29
35
50
9
36
35
16
4
36
36
4
47
36
45
36
35
4
36
50
47
50
37
36
23
36
35
35
8
36
36
38
36
35
29
36
35
4
36
4
36
50
36
4
36
4
35
36
4
38
67
11
12
47
47
37
35
50
36
36
38
36
25
29
36
30
35
8
47
4
47
36
4
48
36
45
35
50
38
36
3
67
47
36
15
36
35
36
47
38
36
36
36
36
35
36
35
36
36
8
36
36
4
36
36
47
35
4
4
3
24
4
31
36
47
4
35
50
36
36
36
36
36
36
36
47
35
50
36
47
38
36
15
36
4
4
35
36
36
18
4
47
36
13
37
36
35
50
50
50
35
36
36
47
36
46
35
50
8
36
4
36
47
36
50
36
35
50
47
50
47
47
47
50
36
47
35
50
36
50
36
25
50
36
36
36
35
4
47
36
36
4
50
48
4
24
35
50
65
4
50
24
36
47
13
36
35
50
50
38
29
48
50
50
35
35
35
36
36
47
50
36
48
4
36
50
35
36
36
50
47
50
36
31
36
47
35
36
36
50
47
50
36
50
50
48
35
36
47
36
36
36
36
15
50
50
35
36
36
25
50
36
47
37
36
23
35
40
48
36
47
50
36
35
36
47
35
47
36
36
36
50
47
47
50
36
35
50
36
36
47
36
64
22
22
50
35
40
47
50
50
36
35
36
48
36
35
36
47
50
48
48
48
46
36
48
35
50
50
47
12
36
11
36
47
36
35
50
47
47
50
50
50
48
12
47
35
50
50
47
15
15
36
25
48
50
35
36
36
47
47
23
36
50
47
15
35
36
38
38
36
50
36
50
47
12
35
50
50
48
47
47
48
36
15
47
35
36
50
50
36
36
50
15
31
15
35
50
36
36
48
50
35
12
50
47
35
36
15
15
50
48
25
50
48
15
35
50
50
36
36
12
64
47
36
22
