1215
1217
1219
1221
1225
1228
1232
1233
1323
1325
1327
1330
1332
1336
1340
1341
1378
1380
1382
1384
1388
1392
1393
1394
1396
1398
1401
1402
1404
1406
1407
1409
1411
1413
1414
1438
1440
1442
1445
1447
1451
1455
1456
1563
1565
1567
1571
1572
1573
1575
1577
1579
1583
1586
1590
1591
1606
1608
1610
1613
1616
1617
1621
1622
1623
1625
1627
1629
1633
1637
1638
1736
1738
1740
1742
1746
1750
1751
1769
1771
1773
1776
1777
1779
1781
1783
1785
1787
1788
1828
1830
1832
1835
1837
1841
1845
1846
1888
1890
1892
1895
1897
1901
1905
1906
2435
2437
2439
2442
2443
2445
2447
2449
2451
2453
2454
